Season,Week,CelebrityID,Name,Partner,Industry,Is_US,Raw_Total,Judge_Count,Avg_Score,Z_Score,Score_Trajectory,Judge_Rank,Is_Eliminated,Final_Placement
1,1,0,John O'Hurley,Charlotte Jorgensen,Acting,1,20.0,3,6.666666666666667,0.6755,0.0,1,0,2
1,2,0,John O'Hurley,Charlotte Jorgensen,Acting,1,26.0,3,8.666666666666666,1.312,2.0,1,0,2
1,3,0,John O'Hurley,Charlotte Jorgensen,Acting,1,24.0,3,8.0,0.5634,-0.67,2,0,2
1,4,0,John O'Hurley,Charlotte Jorgensen,Acting,1,21.0,3,7.0,-0.6794,-1.0,3,0,2
1,5,0,John O'Hurley,Charlotte Jorgensen,Acting,1,27.0,3,9.0,1.1286,2.0,1,0,2
1,6,0,John O'Hurley,Charlotte Jorgensen,Acting,1,27.0,3,9.0,-0.7071,0.0,2,0,2
1,1,1,Kelly Monaco,Alec Mazo,Acting,1,13.0,3,4.333333333333333,-1.9036,0.0,6,0,1
1,2,1,Kelly Monaco,Alec Mazo,Acting,1,17.0,3,5.666666666666667,-0.7123,1.33,5,0,1
1,3,1,Kelly Monaco,Alec Mazo,Acting,1,21.0,3,7.0,-0.0402,1.33,4,0,1
1,4,1,Kelly Monaco,Alec Mazo,Acting,1,26.0,3,8.666666666666666,1.019,1.67,1,0,1
1,5,1,Kelly Monaco,Alec Mazo,Acting,1,23.5,3,7.833333333333333,-0.3527,-0.83,2,0,1
1,6,1,Kelly Monaco,Alec Mazo,Acting,1,27.5,3,9.166666666666666,0.7071,1.33,1,0,1
1,1,2,Evander Holyfield,Edyta Sliwinska,Sports,1,18.0,3,6.0,-0.0614,0.0,4,0,5
1,2,2,Evander Holyfield,Edyta Sliwinska,Sports,1,14.0,3,4.666666666666667,-1.387,-1.33,6,0,5
1,3,2,Evander Holyfield,Edyta Sliwinska,Sports,1,13.0,3,4.333333333333333,-1.6499,-0.33,5,1,5
1,1,3,Rachel Hunter,Jonathan Roberts,Model,0,20.0,3,6.666666666666667,0.6755,0.0,1,0,4
1,2,3,Rachel Hunter,Jonathan Roberts,Model,0,24.0,3,8.0,0.8622,1.33,2,0,4
1,3,3,Rachel Hunter,Jonathan Roberts,Model,0,26.0,3,8.666666666666666,0.9658,0.67,1,0,4
1,4,3,Rachel Hunter,Jonathan Roberts,Model,0,25.0,3,8.333333333333334,0.6794,-0.33,2,1,4
1,1,4,Joey McIntyre,Ashly DelGrosso,Music,1,20.0,3,6.666666666666667,0.6755,0.0,1,0,3
1,2,4,Joey McIntyre,Ashly DelGrosso,Music,1,21.0,3,7.0,0.1874,0.33,3,0,3
1,3,4,Joey McIntyre,Ashly DelGrosso,Music,1,22.0,3,7.333333333333333,0.161,0.33,3,0,3
1,4,4,Joey McIntyre,Ashly DelGrosso,Music,1,20.0,3,6.666666666666667,-1.019,-0.67,4,0,3
1,5,4,Joey McIntyre,Ashly DelGrosso,Music,1,22.5,3,7.5,-0.7759,0.83,3,0,3
1,1,5,Trista Sutter,Louis van Amstel,Media/TV,1,18.0,3,6.0,-0.0614,0.0,4,0,6
1,2,5,Trista Sutter,Louis van Amstel,Media/TV,1,19.0,3,6.333333333333333,-0.2624,0.33,4,1,6
2,1,6,Tatum O'Neal,Nick Kosovich,Acting,1,23.0,3,7.666666666666667,0.8447,0.0,2,0,9
2,2,6,Tatum O'Neal,Nick Kosovich,Acting,1,17.0,3,5.666666666666667,-1.2328,-2.0,8,1,9
2,1,7,Tia Carrere,Maksim Chmerkoskiy,Acting,1,20.0,3,6.666666666666667,0.1207,0.0,6,0,6
2,2,7,Tia Carrere,Maksim Chmerkoskiy,Acting,1,22.0,3,7.333333333333333,-0.0525,0.67,5,0,6
2,3,7,Tia Carrere,Maksim Chmerkoskiy,Acting,1,26.0,3,8.666666666666666,0.7178,1.33,3,0,6
2,4,7,Tia Carrere,Maksim Chmerkoskiy,Acting,1,25.0,3,8.333333333333334,0.3583,-0.33,4,0,6
2,5,7,Tia Carrere,Maksim Chmerkoskiy,Acting,1,22.0,3,7.333333333333333,-1.0819,-1.0,6,1,6
2,1,8,George Hamilton,Edyta Sliwinska,Acting,1,18.0,3,6.0,-0.362,0.0,8,0,5
2,2,8,George Hamilton,Edyta Sliwinska,Acting,1,22.0,3,7.333333333333333,-0.0525,1.33,5,0,5
2,3,8,George Hamilton,Edyta Sliwinska,Acting,1,22.0,3,7.333333333333333,-0.1656,0.0,5,0,5
2,4,8,George Hamilton,Edyta Sliwinska,Acting,1,21.0,3,7.0,-0.2318,-0.33,6,0,5
2,5,8,George Hamilton,Edyta Sliwinska,Acting,1,24.0,3,8.0,-0.3986,1.0,4,0,5
2,6,8,George Hamilton,Edyta Sliwinska,Acting,1,23.0,3,7.666666666666667,-1.0265,-0.33,4,1,5
2,1,9,Lisa Rinna,Louis van Amstel,Acting,1,19.0,3,6.333333333333333,-0.1207,0.0,7,0,4
2,2,9,Lisa Rinna,Louis van Amstel,Acting,1,20.0,3,6.666666666666667,-0.5246,0.33,7,0,4
2,3,9,Lisa Rinna,Louis van Amstel,Acting,1,25.0,3,8.333333333333334,0.4969,1.67,4,0,4
2,4,9,Lisa Rinna,Louis van Amstel,Acting,1,26.0,3,8.666666666666666,0.5058,0.33,2,0,4
2,5,9,Lisa Rinna,Louis van Amstel,Acting,1,25.0,3,8.333333333333334,-0.0569,-0.33,3,0,4
2,6,9,Lisa Rinna,Louis van Amstel,Acting,1,27.0,3,9.0,0.1141,0.67,3,0,4
2,7,9,Lisa Rinna,Louis van Amstel,Acting,1,26.5,3,8.833333333333334,0.297,-0.17,3,1,4
2,1,10,Stacy Keibler,Tony Dovolani,Sports,1,22.0,3,7.333333333333333,0.6034,0.0,4,0,3
2,2,10,Stacy Keibler,Tony Dovolani,Sports,1,29.0,3,9.666666666666666,1.6,2.33,1,0,3
2,3,10,Stacy Keibler,Tony Dovolani,Sports,1,27.0,3,9.0,0.9387,-0.67,1,0,3
2,4,10,Stacy Keibler,Tony Dovolani,Sports,1,26.0,3,8.666666666666666,0.5058,-0.33,2,0,3
2,5,10,Stacy Keibler,Tony Dovolani,Sports,1,30.0,3,10.0,1.6514,1.33,1,0,3
2,6,10,Stacy Keibler,Tony Dovolani,Sports,1,30.0,3,10.0,0.9695,0.0,1,0,3
2,7,10,Stacy Keibler,Tony Dovolani,Sports,1,27.5,3,9.166666666666666,0.5941,-0.83,1,0,3
2,8,10,Stacy Keibler,Tony Dovolani,Sports,1,28.6665,3,9.5555,0.4402,0.39,2,0,3
2,1,11,Jerry Rice,Anna Trebunskaya,Sports,1,21.0,3,7.0,0.362,0.0,5,0,2
2,2,11,Jerry Rice,Anna Trebunskaya,Sports,1,23.0,3,7.666666666666667,0.1836,0.67,4,0,2
2,3,11,Jerry Rice,Anna Trebunskaya,Sports,1,19.0,3,6.333333333333333,-0.8282,-1.33,7,0,2
2,4,11,Jerry Rice,Anna Trebunskaya,Sports,1,24.0,3,8.0,0.2107,1.67,5,0,2
2,5,11,Jerry Rice,Anna Trebunskaya,Sports,1,23.0,3,7.666666666666667,-0.7403,-0.33,5,0,2
2,6,11,Jerry Rice,Anna Trebunskaya,Sports,1,23.0,3,7.666666666666667,-1.0265,0.0,4,0,2
2,7,11,Jerry Rice,Anna Trebunskaya,Sports,1,20.5,3,6.833333333333333,-1.4852,-0.83,4,0,2
2,8,11,Jerry Rice,Anna Trebunskaya,Sports,1,26.666600000000003,3,8.888866666666667,-1.1446,2.06,3,0,2
2,1,12,Giselle Fernandez,Jonathan Roberts,Media/TV,0,23.0,3,7.666666666666667,0.8447,0.0,2,0,8
2,2,12,Giselle Fernandez,Jonathan Roberts,Media/TV,0,24.0,3,8.0,0.4197,0.33,3,0,8
2,3,12,Giselle Fernandez,Jonathan Roberts,Media/TV,0,22.0,3,7.333333333333333,-0.1656,-0.67,5,1,8
2,1,13,Master P,Ashly DelGrosso,Music,1,12.0,3,4.0,-1.8102,0.0,10,0,7
2,2,13,Master P,Ashly DelGrosso,Music,1,16.0,3,5.333333333333333,-1.4689,1.33,9,0,7
2,3,13,Master P,Ashly DelGrosso,Music,1,14.0,3,4.666666666666667,-1.9326,-0.67,8,0,7
2,4,13,Master P,Ashly DelGrosso,Music,1,8.0,3,2.6666666666666665,-2.1496,-2.0,7,1,7
2,1,14,Drew Lachey,Cheryl Burke,Music,1,24.0,3,8.0,1.0861,0.0,1,0,1
2,2,14,Drew Lachey,Cheryl Burke,Music,1,27.0,3,9.0,1.1279,1.0,2,0,1
2,3,14,Drew Lachey,Cheryl Burke,Music,1,27.0,3,9.0,0.9387,0.0,1,0,1
2,4,14,Drew Lachey,Cheryl Burke,Music,1,28.0,3,9.333333333333334,0.8008,0.33,1,0,1
2,5,14,Drew Lachey,Cheryl Burke,Music,1,27.0,3,9.0,0.6264,-0.33,2,0,1
2,6,14,Drew Lachey,Cheryl Burke,Music,1,30.0,3,10.0,0.9695,1.0,1,0,1
2,7,14,Drew Lachey,Cheryl Burke,Music,1,27.5,3,9.166666666666666,0.5941,-0.83,1,0,1
2,8,14,Drew Lachey,Cheryl Burke,Music,1,28.9998,3,9.6666,0.7044,0.5,1,0,1
2,1,15,Kenny Mayne,Andrea Hale,Sports,1,13.0,3,4.333333333333333,-1.5688,0.0,9,1,10
3,1,16,Harry Hamlin,Ashly DelGrosso,Acting,1,17.0,3,5.666666666666667,-0.5446,0.0,8,0,9
3,2,16,Harry Hamlin,Ashly DelGrosso,Acting,1,21.0,3,7.0,-0.6882,1.33,7,0,9
3,3,16,Harry Hamlin,Ashly DelGrosso,Acting,1,22.0,3,7.333333333333333,-0.3651,0.33,4,1,9
3,1,17,Vivica A. Fox,Nick Kosovich,Acting,1,22.0,3,7.333333333333333,0.6535,0.0,3,0,8
3,2,17,Vivica A. Fox,Nick Kosovich,Acting,1,24.0,3,8.0,0.3441,0.67,3,0,8
3,3,17,Vivica A. Fox,Nick Kosovich,Acting,1,27.0,3,9.0,1.4606,1.0,1,0,8
3,4,17,Vivica A. Fox,Nick Kosovich,Acting,1,24.0,3,8.0,-0.2452,-1.0,4,1,8
3,1,18,Monique Coleman,Louis van Amstel,Acting,1,19.0,3,6.333333333333333,-0.0653,0.0,6,0,4
3,2,18,Monique Coleman,Louis van Amstel,Acting,1,26.0,3,8.666666666666666,1.0324,2.33,2,0,4
3,3,18,Monique Coleman,Louis van Amstel,Acting,1,27.0,3,9.0,1.4606,0.33,1,0,4
3,4,18,Monique Coleman,Louis van Amstel,Acting,1,24.0,3,8.0,-0.2452,-1.0,4,0,4
3,5,18,Monique Coleman,Louis van Amstel,Acting,1,27.0,3,9.0,0.7807,1.0,1,0,4
3,6,18,Monique Coleman,Louis van Amstel,Acting,1,23.0,3,7.666666666666667,-0.1645,-1.33,4,0,4
3,7,18,Monique Coleman,Louis van Amstel,Acting,1,27.0,3,9.0,0.0,1.33,4,0,4
3,8,18,Monique Coleman,Louis van Amstel,Acting,1,26.5,3,8.833333333333334,-0.866,-0.17,4,1,4
3,1,19,Joey Lawrence,Edyta Sliwinska,Acting,1,21.0,3,7.0,0.4139,0.0,5,0,3
3,2,19,Joey Lawrence,Edyta Sliwinska,Acting,1,29.0,3,9.666666666666666,2.0647,2.67,1,0,3
3,3,19,Joey Lawrence,Edyta Sliwinska,Acting,1,22.0,3,7.333333333333333,-0.3651,-2.33,4,0,3
3,4,19,Joey Lawrence,Edyta Sliwinska,Acting,1,27.0,3,9.0,0.7355,1.67,3,0,3
3,5,19,Joey Lawrence,Edyta Sliwinska,Acting,1,25.0,3,8.333333333333334,-0.5855,-0.67,5,0,3
3,6,19,Joey Lawrence,Edyta Sliwinska,Acting,1,24.0,3,8.0,0.1097,-0.33,3,0,3
3,7,19,Joey Lawrence,Edyta Sliwinska,Acting,1,28.5,3,9.5,0.647,1.5,1,0,3
3,8,19,Joey Lawrence,Edyta Sliwinska,Acting,1,27.0,3,9.0,-0.2887,-0.5,2,0,3
3,9,19,Joey Lawrence,Edyta Sliwinska,Acting,1,29.5,3,9.833333333333334,0.0,0.83,1,0,3
3,1,20,Mario Lopez,Karina Smirnoff,Acting,1,26.0,3,8.666666666666666,1.6119,0.0,1,0,2
3,2,20,Mario Lopez,Karina Smirnoff,Acting,1,21.0,3,7.0,-0.6882,-1.67,7,0,2
3,3,20,Mario Lopez,Karina Smirnoff,Acting,1,22.0,3,7.333333333333333,-0.3651,0.33,4,0,2
3,4,20,Mario Lopez,Karina Smirnoff,Acting,1,29.0,3,9.666666666666666,1.3894,2.33,1,0,2
3,5,20,Mario Lopez,Karina Smirnoff,Acting,1,27.0,3,9.0,0.7807,-0.67,1,0,2
3,6,20,Mario Lopez,Karina Smirnoff,Acting,1,28.0,3,9.333333333333334,1.2065,0.33,1,0,2
3,7,20,Mario Lopez,Karina Smirnoff,Acting,1,28.0,3,9.333333333333334,0.4313,0.0,3,0,2
3,8,20,Mario Lopez,Karina Smirnoff,Acting,1,28.5,3,9.5,1.4434,0.17,1,0,2
3,9,20,Mario Lopez,Karina Smirnoff,Acting,1,29.5,3,9.833333333333334,0.0,0.33,1,0,2
3,10,20,Mario Lopez,Karina Smirnoff,Acting,1,29.666600000000003,3,9.888866666666667,0.0,0.06,1,0,2
3,1,21,Emmitt Smith,Cheryl Burke,Sports,1,24.0,3,8.0,1.1327,0.0,2,0,1
3,2,21,Emmitt Smith,Cheryl Burke,Sports,1,24.0,3,8.0,0.3441,0.0,3,0,1
3,3,21,Emmitt Smith,Cheryl Burke,Sports,1,19.0,3,6.333333333333333,-1.4606,-1.67,9,0,1
3,4,21,Emmitt Smith,Cheryl Burke,Sports,1,24.0,3,8.0,-0.2452,1.67,4,0,1
3,5,21,Emmitt Smith,Cheryl Burke,Sports,1,27.0,3,9.0,0.7807,1.0,1,0,1
3,6,21,Emmitt Smith,Cheryl Burke,Sports,1,25.0,3,8.333333333333334,0.3839,-0.67,2,0,1
3,7,21,Emmitt Smith,Cheryl Burke,Sports,1,28.5,3,9.5,0.647,1.17,1,0,1
3,8,21,Emmitt Smith,Cheryl Burke,Sports,1,27.0,3,9.0,-0.2887,-0.5,2,0,1
3,9,21,Emmitt Smith,Cheryl Burke,Sports,1,29.5,3,9.833333333333334,0.0,0.83,1,0,1
3,10,21,Emmitt Smith,Cheryl Burke,Sports,1,29.666600000000003,3,9.888866666666667,0.0,0.06,1,0,1
3,1,22,Shanna Moakler,Jesse DeSoto,Model,1,18.0,3,6.0,-0.305,0.0,7,0,10
3,2,22,Shanna Moakler,Jesse DeSoto,Model,1,22.0,3,7.333333333333333,-0.3441,1.33,6,1,10
3,1,23,Willa Ford,Maksim Chmerkoskiy,Music,1,22.0,3,7.333333333333333,0.6535,0.0,3,0,7
3,2,23,Willa Ford,Maksim Chmerkoskiy,Music,1,23.0,3,7.666666666666667,0.0,0.33,5,0,7
3,3,23,Willa Ford,Maksim Chmerkoskiy,Music,1,22.0,3,7.333333333333333,-0.3651,-0.33,4,0,7
3,4,23,Willa Ford,Maksim Chmerkoskiy,Music,1,28.0,3,9.333333333333334,1.0625,2.0,2,0,7
3,5,23,Willa Ford,Maksim Chmerkoskiy,Music,1,27.0,3,9.0,0.7807,-0.33,1,1,7
3,1,24,Sara Evans,Tony Dovolani,Music,1,15.0,3,5.0,-1.0238,0.0,10,0,6
3,2,24,Sara Evans,Tony Dovolani,Music,1,21.0,3,7.0,-0.6882,2.0,7,0,6
3,3,24,Sara Evans,Tony Dovolani,Music,1,25.0,3,8.333333333333334,0.7303,1.33,3,0,6
3,4,24,Sara Evans,Tony Dovolani,Music,1,20.0,3,6.666666666666667,-1.5528,-1.67,8,0,6
3,5,24,Sara Evans,Tony Dovolani,Music,1,24.0,3,8.0,-1.2687,1.33,6,0,6
3,1,25,Jerry Springer,Kym Johnson,Media/TV,0,16.0,3,5.333333333333333,-0.7842,0.0,9,0,5
3,2,25,Jerry Springer,Kym Johnson,Media/TV,0,19.0,3,6.333333333333333,-1.3765,1.0,10,0,5
3,3,25,Jerry Springer,Kym Johnson,Media/TV,0,21.0,3,7.0,-0.7303,0.67,8,0,5
3,4,25,Jerry Springer,Kym Johnson,Media/TV,0,22.0,3,7.333333333333333,-0.899,0.33,7,0,5
3,5,25,Jerry Springer,Kym Johnson,Media/TV,0,24.0,3,8.0,-1.2687,0.67,6,0,5
3,6,25,Jerry Springer,Kym Johnson,Media/TV,0,18.0,3,6.0,-1.5355,-2.0,5,0,5
3,7,25,Jerry Springer,Kym Johnson,Media/TV,0,23.0,3,7.666666666666667,-1.7253,1.67,5,1,5
3,1,26,Tucker Carlson,Elena Grinenko,Media/TV,1,12.0,3,4.0,-1.7426,0.0,11,1,11
4,1,27,John Ratzenberger,Edyta Sliwinska,Acting,1,17.0,3,5.666666666666667,-0.5112,0.0,8,0,6
4,2,27,John Ratzenberger,Edyta Sliwinska,Acting,1,21.0,3,7.0,-0.4737,1.33,6,0,6
4,3,27,John Ratzenberger,Edyta Sliwinska,Acting,1,20.0,3,6.666666666666667,-0.6995,-0.33,9,0,6
4,4,27,John Ratzenberger,Edyta Sliwinska,Acting,1,16.0,3,5.333333333333333,-1.0995,-1.33,7,0,6
4,5,27,John Ratzenberger,Edyta Sliwinska,Acting,1,18.0,3,6.0,-0.6889,0.67,6,0,6
4,6,27,John Ratzenberger,Edyta Sliwinska,Acting,1,19.0,3,6.333333333333333,-1.4908,0.33,7,0,6
4,7,27,John Ratzenberger,Edyta Sliwinska,Acting,1,22.5,3,7.5,-0.7775,1.17,5,1,6
4,1,28,Ian Ziering,Cheryl Burke,Acting,1,21.0,3,7.0,0.6726,0.0,3,0,4
4,2,28,Ian Ziering,Cheryl Burke,Acting,1,22.0,3,7.333333333333333,-0.1015,0.33,5,0,4
4,3,28,Ian Ziering,Cheryl Burke,Acting,1,24.0,3,8.0,0.8549,0.67,1,0,4
4,4,28,Ian Ziering,Cheryl Burke,Acting,1,24.0,3,8.0,0.6214,0.0,3,0,4
4,5,28,Ian Ziering,Cheryl Burke,Acting,1,24.0,3,8.0,0.3444,0.0,4,0,4
4,6,28,Ian Ziering,Cheryl Burke,Acting,1,24.0,3,8.0,-0.0806,0.0,4,0,4
4,7,28,Ian Ziering,Cheryl Burke,Acting,1,27.0,3,9.0,0.299,1.0,3,0,4
4,8,28,Ian Ziering,Cheryl Burke,Acting,1,23.5,3,7.833333333333333,-0.4041,-1.17,4,0,4
4,9,28,Ian Ziering,Cheryl Burke,Acting,1,29.0,3,9.666666666666666,-1.3056,1.83,4,1,4
4,1,29,Clyde Drexler,Elena Grinenko,Sports,1,16.0,3,5.333333333333333,-0.8071,0.0,9,0,8
4,2,29,Clyde Drexler,Elena Grinenko,Sports,1,18.0,3,6.0,-1.5903,0.67,11,0,8
4,3,29,Clyde Drexler,Elena Grinenko,Sports,1,16.0,3,5.333333333333333,-2.2539,-0.67,10,0,8
4,4,29,Clyde Drexler,Elena Grinenko,Sports,1,15.0,3,5.0,-1.3146,-0.33,9,0,8
4,5,29,Clyde Drexler,Elena Grinenko,Sports,1,13.0,3,4.333333333333333,-1.55,-0.67,8,1,8
4,1,30,Laila Ali,Maksim Chmerkoskiy,Sports,1,23.0,3,7.666666666666667,1.2645,0.0,2,0,3
4,2,30,Laila Ali,Maksim Chmerkoskiy,Sports,1,27.0,3,9.0,1.7595,1.33,1,0,3
4,3,30,Laila Ali,Maksim Chmerkoskiy,Sports,1,21.0,3,7.0,-0.3109,-2.0,6,0,3
4,4,30,Laila Ali,Maksim Chmerkoskiy,Sports,1,21.0,3,7.0,-0.0239,0.0,5,0,3
4,5,30,Laila Ali,Maksim Chmerkoskiy,Sports,1,28.0,3,9.333333333333334,1.0333,2.33,2,0,3
4,6,30,Laila Ali,Maksim Chmerkoskiy,Sports,1,28.0,3,9.333333333333334,1.0476,0.0,1,0,3
4,7,30,Laila Ali,Maksim Chmerkoskiy,Sports,1,29.5,3,9.833333333333334,0.8971,0.5,1,0,3
4,8,30,Laila Ali,Maksim Chmerkoskiy,Sports,1,26.5,3,8.833333333333334,0.3536,-1.0,3,0,3
4,9,30,Laila Ali,Maksim Chmerkoskiy,Sports,1,30.0,3,10.0,0.7833,1.17,1,0,3
4,10,30,Laila Ali,Maksim Chmerkoskiy,Sports,1,28.3332,3,9.4444,-0.8728,-0.56,3,0,3
4,1,31,Apolo Anton Ohno,Julianne Hough,Sports,1,21.0,3,7.0,0.6726,0.0,3,0,1
4,2,31,Apolo Anton Ohno,Julianne Hough,Sports,1,26.0,3,8.666666666666666,1.3873,1.67,2,0,1
4,3,31,Apolo Anton Ohno,Julianne Hough,Sports,1,23.0,3,7.666666666666667,0.4663,-1.0,5,0,1
4,4,31,Apolo Anton Ohno,Julianne Hough,Sports,1,26.0,3,8.666666666666666,1.0517,1.0,2,0,1
4,5,31,Apolo Anton Ohno,Julianne Hough,Sports,1,30.0,3,10.0,1.3778,1.33,1,0,1
4,6,31,Apolo Anton Ohno,Julianne Hough,Sports,1,28.0,3,9.333333333333334,1.0476,-0.67,1,0,1
4,7,31,Apolo Anton Ohno,Julianne Hough,Sports,1,27.0,3,9.0,0.299,-0.33,3,0,1
4,8,31,Apolo Anton Ohno,Julianne Hough,Sports,1,29.0,3,9.666666666666666,0.9851,0.67,1,0,1
4,9,31,Apolo Anton Ohno,Julianne Hough,Sports,1,29.5,3,9.833333333333334,-0.2611,0.17,3,0,1
4,10,31,Apolo Anton Ohno,Julianne Hough,Sports,1,29.3332,3,9.777733333333334,1.0911,-0.06,1,0,1
4,1,32,Shandi Finnessey,Brian Fortuna,Model,1,19.0,3,6.333333333333333,0.0807,0.0,5,0,10
4,2,32,Shandi Finnessey,Brian Fortuna,Model,1,20.0,3,6.666666666666667,-0.8459,0.33,10,0,10
4,3,32,Shandi Finnessey,Brian Fortuna,Model,1,21.0,3,7.0,-0.3109,0.33,6,1,10
4,1,33,Paulina Porizkova,Alec Mazo,Model,0,19.0,3,6.333333333333333,0.0807,0.0,5,0,11
4,2,33,Paulina Porizkova,Alec Mazo,Model,0,21.0,3,7.0,-0.4737,0.67,6,1,11
4,1,34,Heather Mills,Jonathan Roberts,Model,0,18.0,3,6.0,-0.2152,0.0,7,0,7
4,2,34,Heather Mills,Jonathan Roberts,Model,0,24.0,3,8.0,0.6429,2.0,3,0,7
4,3,34,Heather Mills,Jonathan Roberts,Model,0,24.0,3,8.0,0.8549,0.0,1,0,7
4,4,34,Heather Mills,Jonathan Roberts,Model,0,23.0,3,7.666666666666667,0.4063,-0.33,4,0,7
4,5,34,Heather Mills,Jonathan Roberts,Model,0,21.0,3,7.0,-0.1722,-0.67,5,0,7
4,6,34,Heather Mills,Jonathan Roberts,Model,0,23.0,3,7.666666666666667,-0.3626,0.67,5,1,7
4,1,35,Billy Ray Cyrus,Karina Smirnoff,Music,1,13.0,3,4.333333333333333,-1.6949,0.0,11,0,5
4,2,35,Billy Ray Cyrus,Karina Smirnoff,Music,1,21.0,3,7.0,-0.4737,2.67,6,0,5
4,3,35,Billy Ray Cyrus,Karina Smirnoff,Music,1,21.0,3,7.0,-0.3109,0.0,6,0,5
4,4,35,Billy Ray Cyrus,Karina Smirnoff,Music,1,21.0,3,7.0,-0.0239,0.0,5,0,5
4,5,35,Billy Ray Cyrus,Karina Smirnoff,Music,1,17.0,3,5.666666666666667,-0.8611,-1.33,7,0,5
4,6,35,Billy Ray Cyrus,Karina Smirnoff,Music,1,21.0,3,7.0,-0.9267,1.33,6,0,5
4,7,35,Billy Ray Cyrus,Karina Smirnoff,Music,1,19.0,3,6.333333333333333,-1.6147,-0.67,6,0,5
4,8,35,Billy Ray Cyrus,Karina Smirnoff,Music,1,19.0,3,6.333333333333333,-1.5407,0.0,5,1,5
4,1,36,Joey Fatone,Kym Johnson,Music,1,24.0,3,8.0,1.5604,0.0,1,0,2
4,2,36,Joey Fatone,Kym Johnson,Music,1,24.0,3,8.0,0.6429,0.0,3,0,2
4,3,36,Joey Fatone,Kym Johnson,Music,1,24.0,3,8.0,0.8549,0.0,1,0,2
4,4,36,Joey Fatone,Kym Johnson,Music,1,28.0,3,9.333333333333334,1.4819,1.33,1,0,2
4,5,36,Joey Fatone,Kym Johnson,Music,1,25.0,3,8.333333333333334,0.5167,-1.0,3,0,2
4,6,36,Joey Fatone,Kym Johnson,Music,1,27.0,3,9.0,0.7655,0.67,3,0,2
4,7,36,Joey Fatone,Kym Johnson,Music,1,29.5,3,9.833333333333334,0.8971,0.83,1,0,2
4,8,36,Joey Fatone,Kym Johnson,Music,1,27.5,3,9.166666666666666,0.6062,-0.67,2,0,2
4,9,36,Joey Fatone,Kym Johnson,Music,1,30.0,3,10.0,0.7833,0.83,1,0,2
4,10,36,Joey Fatone,Kym Johnson,Music,1,28.6665,3,9.5555,-0.2183,-0.44,2,0,2
4,1,37,Leeza Gibbons,Tony Dovolani,Media/TV,1,15.0,3,5.0,-1.103,0.0,10,0,9
4,2,37,Leeza Gibbons,Tony Dovolani,Media/TV,1,21.0,3,7.0,-0.4737,2.0,6,0,9
4,3,37,Leeza Gibbons,Tony Dovolani,Media/TV,1,24.0,3,8.0,0.8549,1.0,1,0,9
4,4,37,Leeza Gibbons,Tony Dovolani,Media/TV,1,16.0,3,5.333333333333333,-1.0995,-2.67,7,1,9
5,1,38,Cameron Mathison,Edyta Sliwinska,Acting,0,21.0,3,7.0,-0.1418,0.0,5,0,5
5,2,38,Cameron Mathison,Edyta Sliwinska,Acting,0,21.0,3,7.0,-0.188,0.0,5,0,5
5,3,38,Cameron Mathison,Edyta Sliwinska,Acting,0,23.0,3,7.666666666666667,-0.2743,0.67,7,0,5
5,4,38,Cameron Mathison,Edyta Sliwinska,Acting,0,27.0,3,9.0,0.4264,1.33,2,0,5
5,5,38,Cameron Mathison,Edyta Sliwinska,Acting,0,26.0,3,8.666666666666666,0.3754,-0.33,3,0,5
5,6,38,Cameron Mathison,Edyta Sliwinska,Acting,0,25.0,3,8.333333333333334,-0.2541,-0.33,4,0,5
5,7,38,Cameron Mathison,Edyta Sliwinska,Acting,0,25.5,3,8.5,-0.7071,0.17,5,0,5
5,8,38,Cameron Mathison,Edyta Sliwinska,Acting,0,25.5,3,8.5,-0.4387,0.0,3,1,5
5,1,39,Jane Seymour,Tony Dovolani,Acting,0,24.0,3,8.0,0.8794,0.0,3,0,6
5,2,39,Jane Seymour,Tony Dovolani,Acting,0,21.0,3,7.0,-0.188,-1.0,5,0,6
5,3,39,Jane Seymour,Tony Dovolani,Acting,0,27.0,3,9.0,0.9448,2.0,1,0,6
5,4,39,Jane Seymour,Tony Dovolani,Acting,0,26.0,3,8.666666666666666,0.0,-0.33,5,0,6
5,5,39,Jane Seymour,Tony Dovolani,Acting,0,26.0,3,8.666666666666666,0.3754,0.0,3,0,6
5,6,39,Jane Seymour,Tony Dovolani,Acting,0,22.0,3,7.333333333333333,-1.3211,-1.33,7,0,6
5,7,39,Jane Seymour,Tony Dovolani,Acting,0,25.0,3,8.333333333333334,-1.4142,1.0,6,1,6
5,1,40,Sabrina Bryan,Mark Ballas,Acting,1,26.0,3,8.666666666666666,1.5603,0.0,1,0,7
5,2,40,Sabrina Bryan,Mark Ballas,Acting,1,26.0,3,8.666666666666666,1.2893,0.0,2,0,7
5,3,40,Sabrina Bryan,Mark Ballas,Acting,1,27.0,3,9.0,0.9448,0.33,1,0,7
5,4,40,Sabrina Bryan,Mark Ballas,Acting,1,30.0,3,10.0,1.7056,1.0,1,0,7
5,5,40,Sabrina Bryan,Mark Ballas,Acting,1,28.0,3,9.333333333333334,1.0427,-0.67,2,0,7
5,6,40,Sabrina Bryan,Mark Ballas,Acting,1,25.0,3,8.333333333333334,-0.2541,-1.0,4,1,7
5,1,41,Jennie Garth,Derek Hough,Acting,1,21.0,3,7.0,-0.1418,0.0,5,0,4
5,2,41,Jennie Garth,Derek Hough,Acting,1,21.0,3,7.0,-0.188,0.0,5,0,4
5,3,41,Jennie Garth,Derek Hough,Acting,1,26.0,3,8.666666666666666,0.64,1.67,4,0,4
5,4,41,Jennie Garth,Derek Hough,Acting,1,27.0,3,9.0,0.4264,0.33,2,0,4
5,5,41,Jennie Garth,Derek Hough,Acting,1,25.0,3,8.333333333333334,0.0417,-0.67,5,0,4
5,6,41,Jennie Garth,Derek Hough,Acting,1,27.0,3,9.0,0.4573,0.67,3,0,4
5,7,41,Jennie Garth,Derek Hough,Acting,1,26.5,3,8.833333333333334,0.7071,-0.17,2,0,4
5,8,41,Jennie Garth,Derek Hough,Acting,1,25.0,3,8.333333333333334,-0.7129,-0.5,4,0,4
5,9,41,Jennie Garth,Derek Hough,Acting,1,29.0,3,9.666666666666666,-0.2611,1.33,3,1,4
5,1,42,Floyd Mayweather Jr.,Karina Smirnoff,Sports,1,18.0,3,6.0,-1.1631,0.0,11,0,9
5,2,42,Floyd Mayweather Jr.,Karina Smirnoff,Sports,1,21.0,3,7.0,-0.188,1.0,5,0,9
5,3,42,Floyd Mayweather Jr.,Karina Smirnoff,Sports,1,21.0,3,7.0,-0.8838,0.0,8,0,9
5,4,42,Floyd Mayweather Jr.,Karina Smirnoff,Sports,1,23.0,3,7.666666666666667,-1.2792,0.67,8,1,9
5,1,43,Josie Maran,Alec Mazo,Model,1,16.0,3,5.333333333333333,-1.844,0.0,12,1,12
5,1,44,Albert Reed,Anna Trebunskaya,Model,1,21.0,3,7.0,-0.1418,0.0,5,0,11
5,2,44,Albert Reed,Anna Trebunskaya,Model,1,21.0,3,7.0,-0.188,0.0,5,1,11
5,1,45,Helio Castroneves,Julianne Hough,Sports,0,25.0,3,8.333333333333334,1.2199,0.0,2,0,1
5,2,45,Helio Castroneves,Julianne Hough,Sports,0,27.0,3,9.0,1.5848,0.67,1,0,1
5,3,45,Helio Castroneves,Julianne Hough,Sports,0,24.0,3,8.0,0.0305,-1.0,6,0,1
5,4,45,Helio Castroneves,Julianne Hough,Sports,0,27.0,3,9.0,0.4264,1.0,2,0,1
5,5,45,Helio Castroneves,Julianne Hough,Sports,0,23.0,3,7.666666666666667,-0.6256,-1.33,6,0,1
5,6,45,Helio Castroneves,Julianne Hough,Sports,0,28.0,3,9.333333333333334,0.813,1.67,2,0,1
5,7,45,Helio Castroneves,Julianne Hough,Sports,0,26.0,3,8.666666666666666,0.0,-0.67,3,0,1
5,8,45,Helio Castroneves,Julianne Hough,Sports,0,28.5,3,9.5,1.2065,0.83,1,0,1
5,9,45,Helio Castroneves,Julianne Hough,Sports,0,30.0,3,10.0,0.7833,0.5,1,0,1
5,10,45,Helio Castroneves,Julianne Hough,Sports,0,27.9999,3,9.3333,0.5207,-0.67,2,0,1
5,1,46,Mel B,Maksim Chmerkoskiy,Music,0,24.0,3,8.0,0.8794,0.0,3,0,2
5,2,46,Mel B,Maksim Chmerkoskiy,Music,0,23.0,3,7.666666666666667,0.4029,-0.33,4,0,2
5,3,46,Mel B,Maksim Chmerkoskiy,Music,0,27.0,3,9.0,0.9448,1.33,1,0,2
5,4,46,Mel B,Maksim Chmerkoskiy,Music,0,26.0,3,8.666666666666666,0.0,-0.33,5,0,2
5,5,46,Mel B,Maksim Chmerkoskiy,Music,0,29.0,3,9.666666666666666,1.3764,1.0,1,0,2
5,6,46,Mel B,Maksim Chmerkoskiy,Music,0,30.0,3,10.0,1.5243,0.33,1,0,2
5,7,46,Mel B,Maksim Chmerkoskiy,Music,0,27.0,3,9.0,1.4142,-1.0,1,0,2
5,8,46,Mel B,Maksim Chmerkoskiy,Music,0,28.0,3,9.333333333333334,0.9323,0.33,2,0,2
5,9,46,Mel B,Maksim Chmerkoskiy,Music,0,30.0,3,10.0,0.7833,0.67,1,0,2
5,10,46,Mel B,Maksim Chmerkoskiy,Music,0,28.333199999999998,3,9.4444,0.6322,-0.56,1,0,2
5,1,47,Wayne Newton,Cheryl Burke,Music,1,19.0,3,6.333333333333333,-0.8227,0.0,10,0,10
5,2,47,Wayne Newton,Cheryl Burke,Music,1,15.0,3,5.0,-1.9608,-1.33,11,0,10
5,3,47,Wayne Newton,Cheryl Burke,Music,1,18.0,3,6.0,-1.7981,1.0,10,1,10
5,1,48,Marie Osmond,Jonathan Roberts,Music,1,21.0,3,7.0,-0.1418,0.0,5,0,3
5,2,48,Marie Osmond,Jonathan Roberts,Music,1,24.0,3,8.0,0.6984,1.0,3,0,3
5,3,48,Marie Osmond,Jonathan Roberts,Music,1,26.0,3,8.666666666666666,0.64,0.67,4,0,3
5,4,48,Marie Osmond,Jonathan Roberts,Music,1,26.0,3,8.666666666666666,0.0,0.0,5,0,3
5,5,48,Marie Osmond,Jonathan Roberts,Music,1,21.0,3,7.0,-1.2929,-1.67,7,0,3
5,6,48,Marie Osmond,Jonathan Roberts,Music,1,23.0,3,7.666666666666667,-0.9654,0.67,6,0,3
5,7,48,Marie Osmond,Jonathan Roberts,Music,1,26.0,3,8.666666666666666,0.0,1.0,3,0,3
5,8,48,Marie Osmond,Jonathan Roberts,Music,1,24.5,3,8.166666666666666,-0.9871,-0.5,5,0,3
5,9,48,Marie Osmond,Jonathan Roberts,Music,1,28.0,3,9.333333333333334,-1.3056,1.17,4,0,3
5,10,48,Marie Osmond,Jonathan Roberts,Music,1,23.0,3,7.666666666666667,-1.1529,-1.67,3,0,3
5,1,49,Mark Cuban,Kym Johnson,Media/TV,1,21.0,3,7.0,-0.1418,0.0,5,0,8
5,2,49,Mark Cuban,Kym Johnson,Media/TV,1,18.0,3,6.0,-1.0744,-1.0,10,0,8
5,3,49,Mark Cuban,Kym Johnson,Media/TV,1,20.0,3,6.666666666666667,-1.1886,0.67,9,0,8
5,4,49,Mark Cuban,Kym Johnson,Media/TV,1,22.0,3,7.333333333333333,-1.7056,0.67,9,0,8
5,5,49,Mark Cuban,Kym Johnson,Media/TV,1,21.0,3,7.0,-1.2929,-0.33,7,1,8
6,1,50,Cristian de la Fuente,Cheryl Burke,Acting,0,21.0,3,7.0,0.1941,0.0,6,0,3
6,2,50,Cristian de la Fuente,Cheryl Burke,Acting,0,20.0,3,6.666666666666667,-0.3365,-0.33,8,0,3
6,3,50,Cristian de la Fuente,Cheryl Burke,Acting,0,25.0,3,8.333333333333334,0.8409,1.67,3,0,3
6,4,50,Cristian de la Fuente,Cheryl Burke,Acting,0,26.0,3,8.666666666666666,0.2981,0.33,4,0,3
6,5,50,Cristian de la Fuente,Cheryl Burke,Acting,0,23.0,3,7.666666666666667,-0.5303,-1.0,5,0,3
6,6,50,Cristian de la Fuente,Cheryl Burke,Acting,0,27.0,3,9.0,0.4309,1.33,3,0,3
6,7,50,Cristian de la Fuente,Cheryl Burke,Acting,0,23.0,3,7.666666666666667,-1.748,-1.33,6,0,3
6,8,50,Cristian de la Fuente,Cheryl Burke,Acting,0,28.5,3,9.5,1.3324,1.83,1,0,3
6,9,50,Cristian de la Fuente,Cheryl Burke,Acting,0,28.0,3,9.333333333333334,0.4629,-0.17,2,0,3
6,10,50,Cristian de la Fuente,Cheryl Burke,Acting,0,26.0,3,8.666666666666666,-1.0722,-0.67,3,0,3
6,1,51,Steve Guttenberg,Anna Trebunskaya,Acting,1,18.0,3,6.0,-0.5823,0.0,8,0,10
6,2,51,Steve Guttenberg,Anna Trebunskaya,Acting,1,16.0,3,5.333333333333333,-1.2868,-0.67,11,0,10
6,3,51,Steve Guttenberg,Anna Trebunskaya,Acting,1,21.0,3,7.0,-0.688,1.67,6,1,10
6,1,52,Priscilla Presley,Louis van Amstel,Acting,1,24.0,3,8.0,0.9705,0.0,2,0,8
6,2,52,Priscilla Presley,Louis van Amstel,Acting,1,21.0,3,7.0,-0.099,-1.0,6,0,8
6,3,52,Priscilla Presley,Louis van Amstel,Acting,1,26.0,3,8.666666666666666,1.2232,1.67,2,0,8
6,4,52,Priscilla Presley,Louis van Amstel,Acting,1,22.0,3,7.333333333333333,-0.8944,-1.33,8,0,8
6,5,52,Priscilla Presley,Louis van Amstel,Acting,1,21.0,3,7.0,-1.2374,-0.33,8,1,8
6,1,53,Marlee Matlin,Fabian Sanchez,Acting,1,22.0,3,7.333333333333333,0.4529,0.0,4,0,7
6,2,53,Marlee Matlin,Fabian Sanchez,Acting,1,24.0,3,8.0,0.6137,0.67,4,0,7
6,3,53,Marlee Matlin,Fabian Sanchez,Acting,1,21.0,3,7.0,-0.688,-1.0,6,0,7
6,4,53,Marlee Matlin,Fabian Sanchez,Acting,1,24.0,3,8.0,-0.2981,1.0,5,0,7
6,5,53,Marlee Matlin,Fabian Sanchez,Acting,1,22.0,3,7.333333333333333,-0.8839,-0.67,7,0,7
6,6,53,Marlee Matlin,Fabian Sanchez,Acting,1,21.0,3,7.0,-1.5798,-0.33,7,1,7
6,1,54,Shannon Elizabeth,Derek Hough,Acting,1,21.0,3,7.0,0.1941,0.0,6,0,6
6,2,54,Shannon Elizabeth,Derek Hough,Acting,1,24.0,3,8.0,0.6137,1.0,4,0,6
6,3,54,Shannon Elizabeth,Derek Hough,Acting,1,24.0,3,8.0,0.4587,0.0,4,0,6
6,4,54,Shannon Elizabeth,Derek Hough,Acting,1,28.0,3,9.333333333333334,0.8944,1.33,3,0,6
6,5,54,Shannon Elizabeth,Derek Hough,Acting,1,23.0,3,7.666666666666667,-0.5303,-1.67,5,0,6
6,6,54,Shannon Elizabeth,Derek Hough,Acting,1,24.0,3,8.0,-0.5745,0.33,5,0,6
6,7,54,Shannon Elizabeth,Derek Hough,Acting,1,25.5,3,8.5,-0.1589,0.5,4,1,6
6,1,55,Marissa Jaret Winokur,Tony Dovolani,Acting,1,18.0,3,6.0,-0.5823,0.0,8,0,4
6,2,55,Marissa Jaret Winokur,Tony Dovolani,Acting,1,21.0,3,7.0,-0.099,1.0,6,0,4
6,3,55,Marissa Jaret Winokur,Tony Dovolani,Acting,1,19.0,3,6.333333333333333,-1.4525,-0.67,10,0,4
6,4,55,Marissa Jaret Winokur,Tony Dovolani,Acting,1,24.0,3,8.0,-0.2981,1.67,5,0,4
6,5,55,Marissa Jaret Winokur,Tony Dovolani,Acting,1,24.0,3,8.0,-0.1768,0.0,4,0,4
6,6,55,Marissa Jaret Winokur,Tony Dovolani,Acting,1,26.0,3,8.666666666666666,0.0957,0.67,4,0,4
6,7,55,Marissa Jaret Winokur,Tony Dovolani,Acting,1,26.0,3,8.666666666666666,0.1589,0.0,3,0,4
6,8,55,Marissa Jaret Winokur,Tony Dovolani,Acting,1,25.0,3,8.333333333333334,-1.2584,-0.33,5,0,4
6,9,55,Marissa Jaret Winokur,Tony Dovolani,Acting,1,26.0,3,8.666666666666666,-1.3887,0.33,4,1,4
6,1,56,Jason Taylor,Edyta Sliwinska,Sports,1,22.0,3,7.333333333333333,0.4529,0.0,4,0,2
6,2,56,Jason Taylor,Edyta Sliwinska,Sports,1,27.0,3,9.0,1.3264,1.67,1,0,2
6,3,56,Jason Taylor,Edyta Sliwinska,Sports,1,23.0,3,7.666666666666667,0.0764,-1.33,5,0,2
6,4,56,Jason Taylor,Edyta Sliwinska,Sports,1,29.0,3,9.666666666666666,1.1926,2.0,1,0,2
6,5,56,Jason Taylor,Edyta Sliwinska,Sports,1,27.0,3,9.0,0.8839,-0.67,2,0,2
6,6,56,Jason Taylor,Edyta Sliwinska,Sports,1,24.0,3,8.0,-0.5745,-1.0,5,0,2
6,7,56,Jason Taylor,Edyta Sliwinska,Sports,1,27.5,3,9.166666666666666,1.1124,1.17,1,0,2
6,8,56,Jason Taylor,Edyta Sliwinska,Sports,1,26.0,3,8.666666666666666,-0.5182,-0.5,4,0,2
6,9,56,Jason Taylor,Edyta Sliwinska,Sports,1,27.5,3,9.166666666666666,0.0,0.5,3,0,2
6,10,56,Jason Taylor,Edyta Sliwinska,Sports,1,28.5,3,9.5,0.165,0.33,2,0,2
6,1,57,Kristi Yamaguchi,Mark Ballas,Sports,1,27.0,3,9.0,1.7468,0.0,1,0,1
6,2,57,Kristi Yamaguchi,Mark Ballas,Sports,1,27.0,3,9.0,1.3264,0.0,1,0,1
6,3,57,Kristi Yamaguchi,Mark Ballas,Sports,1,27.0,3,9.0,1.6054,0.0,1,0,1
6,4,57,Kristi Yamaguchi,Mark Ballas,Sports,1,29.0,3,9.666666666666666,1.1926,0.67,1,0,1
6,5,57,Kristi Yamaguchi,Mark Ballas,Sports,1,29.0,3,9.666666666666666,1.591,0.0,1,0,1
6,6,57,Kristi Yamaguchi,Mark Ballas,Sports,1,30.0,3,10.0,1.4362,0.33,1,0,1
6,7,57,Kristi Yamaguchi,Mark Ballas,Sports,1,27.0,3,9.0,0.7946,-1.0,2,0,1
6,8,57,Kristi Yamaguchi,Mark Ballas,Sports,1,27.5,3,9.166666666666666,0.5922,0.17,2,0,1
6,9,57,Kristi Yamaguchi,Mark Ballas,Sports,1,28.5,3,9.5,0.9258,0.33,1,0,1
6,10,57,Kristi Yamaguchi,Mark Ballas,Sports,1,30.0,3,10.0,0.9073,0.5,1,0,1
6,1,58,Monica Seles,Jonathan Roberts,Sports,0,15.0,3,5.0,-1.3586,0.0,11,0,11
6,2,58,Monica Seles,Jonathan Roberts,Sports,0,15.0,3,5.0,-1.5243,0.0,12,1,11
6,1,59,Penn Jillette,Kym Johnson,Other,1,16.0,3,5.333333333333333,-1.0998,0.0,10,0,12
6,2,59,Penn Jillette,Kym Johnson,Other,1,17.0,3,5.666666666666667,-1.0492,0.33,10,1,12
6,1,60,Adam Carolla,Julianne Hough,Media/TV,1,15.0,3,5.0,-1.3586,0.0,11,0,9
6,2,60,Adam Carolla,Julianne Hough,Media/TV,1,19.0,3,6.333333333333333,-0.5741,1.33,9,0,9
6,3,60,Adam Carolla,Julianne Hough,Media/TV,1,21.0,3,7.0,-0.688,0.67,6,0,9
6,4,60,Adam Carolla,Julianne Hough,Media/TV,1,19.0,3,6.333333333333333,-1.7889,-0.67,9,1,9
6,1,61,Mario,Karina Smirnoff,Music,1,24.0,3,8.0,0.9705,0.0,2,0,5
6,2,61,Mario,Karina Smirnoff,Music,1,26.0,3,8.666666666666666,1.0888,0.67,3,0,5
6,3,61,Mario,Karina Smirnoff,Music,1,21.0,3,7.0,-0.688,-1.67,6,0,5
6,4,61,Mario,Karina Smirnoff,Music,1,24.0,3,8.0,-0.2981,1.0,5,0,5
6,5,61,Mario,Karina Smirnoff,Music,1,27.0,3,9.0,0.8839,1.0,2,0,5
6,6,61,Mario,Karina Smirnoff,Music,1,28.0,3,9.333333333333334,0.766,0.33,2,0,5
6,7,61,Mario,Karina Smirnoff,Music,1,25.5,3,8.5,-0.1589,-0.83,4,0,5
6,8,61,Mario,Karina Smirnoff,Music,1,26.5,3,8.833333333333334,-0.148,0.33,3,1,5
7,1,62,Ted McGinley,Inna Brayer,Acting,1,18.5,3,6.166666666666667,-0.2791,0.0,8,1,12
7,1,63,Cloris Leachman,Corky Ballas,Acting,1,16.0,3,5.333333333333333,-1.0677,0.0,12,0,7
7,2,63,Cloris Leachman,Corky Ballas,Acting,1,15.0,3,5.0,-1.6525,-0.33,11,0,7
7,3,63,Cloris Leachman,Corky Ballas,Acting,1,16.0,3,5.333333333333333,-1.813,0.33,9,0,7
7,4,63,Cloris Leachman,Corky Ballas,Acting,1,22.0,3,7.333333333333333,-0.2134,2.0,5,0,7
7,5,63,Cloris Leachman,Corky Ballas,Acting,1,21.0,3,7.0,-1.0251,-0.33,7,0,7
7,6,63,Cloris Leachman,Corky Ballas,Acting,1,15.0,3,5.0,-1.9556,-2.0,7,1,7
7,1,64,Susan Lucci,Tony Dovolani,Acting,1,18.5,3,6.166666666666667,-0.2791,0.0,8,0,6
7,2,64,Susan Lucci,Tony Dovolani,Acting,1,21.0,3,7.0,0.2951,0.83,4,0,6
7,3,64,Susan Lucci,Tony Dovolani,Acting,1,21.0,3,7.0,-0.3296,0.0,6,0,6
7,4,64,Susan Lucci,Tony Dovolani,Acting,1,24.0,3,8.0,0.5548,1.0,3,0,6
7,5,64,Susan Lucci,Tony Dovolani,Acting,1,22.0,3,7.333333333333333,-0.7214,-0.67,5,0,6
7,6,64,Susan Lucci,Tony Dovolani,Acting,1,23.0,3,7.666666666666667,0.0356,0.33,4,0,6
7,7,64,Susan Lucci,Tony Dovolani,Acting,1,24.0,3,8.0,-0.1589,0.33,4,1,6
7,1,65,Cody Linley,Julianne Hough,Acting,1,20.5,3,6.833333333333333,0.3519,0.0,6,0,4
7,2,65,Cody Linley,Julianne Hough,Acting,1,21.0,3,7.0,0.2951,0.17,4,0,4
7,3,65,Cody Linley,Julianne Hough,Acting,1,21.0,3,7.0,-0.3296,0.0,6,0,4
7,4,65,Cody Linley,Julianne Hough,Acting,1,23.0,3,7.666666666666667,0.1707,0.67,4,0,4
7,5,65,Cody Linley,Julianne Hough,Acting,1,28.0,3,9.333333333333334,1.1011,1.67,2,0,4
7,6,65,Cody Linley,Julianne Hough,Acting,1,23.0,3,7.666666666666667,0.0356,-1.67,4,0,4
7,7,65,Cody Linley,Julianne Hough,Acting,1,22.0,3,7.333333333333333,-0.7946,-0.33,5,0,4
7,8,65,Cody Linley,Julianne Hough,Acting,1,24.0,3,8.0,-0.9045,0.67,4,0,4
7,9,65,Cody Linley,Julianne Hough,Acting,1,23.0,3,7.666666666666667,-0.901,-0.33,4,1,4
7,1,66,Misty May-Treanor,Maksim Chmerkoskiy,Sports,1,21.0,3,7.0,0.5096,0.0,5,0,10
7,2,66,Misty May-Treanor,Maksim Chmerkoskiy,Sports,1,21.0,3,7.0,0.2951,0.0,4,0,10
7,1,67,Maurice Greene,Cheryl Burke,Sports,1,19.5,3,6.5,0.0364,0.0,7,0,5
7,2,67,Maurice Greene,Cheryl Burke,Sports,1,19.0,3,6.333333333333333,-0.3541,-0.17,8,0,5
7,3,67,Maurice Greene,Cheryl Burke,Sports,1,24.0,3,8.0,0.5604,1.67,3,0,5
7,4,67,Maurice Greene,Cheryl Burke,Sports,1,20.0,3,6.666666666666667,-0.9816,-1.33,8,0,5
7,5,67,Maurice Greene,Cheryl Burke,Sports,1,27.0,3,9.0,0.7973,2.33,3,0,5
7,6,67,Maurice Greene,Cheryl Burke,Sports,1,21.0,3,7.0,-0.4622,-2.0,6,0,5
7,7,67,Maurice Greene,Cheryl Burke,Sports,1,25.0,3,8.333333333333334,0.1589,1.33,2,0,5
7,8,67,Maurice Greene,Cheryl Burke,Sports,1,24.0,3,8.0,-0.9045,-0.33,4,1,5
7,1,68,Warren Sapp,Kym Johnson,Sports,1,21.5,3,7.166666666666667,0.6673,0.0,3,0,2
7,2,68,Warren Sapp,Kym Johnson,Sports,1,24.0,3,8.0,1.2689,0.83,1,0,2
7,3,68,Warren Sapp,Kym Johnson,Sports,1,25.0,3,8.333333333333334,0.8571,0.33,2,0,2
7,4,68,Warren Sapp,Kym Johnson,Sports,1,22.0,3,7.333333333333333,-0.2134,-1.0,5,0,2
7,5,68,Warren Sapp,Kym Johnson,Sports,1,25.0,3,8.333333333333334,0.1898,1.0,4,0,2
7,6,68,Warren Sapp,Kym Johnson,Sports,1,25.0,3,8.333333333333334,0.5333,0.0,3,0,2
7,7,68,Warren Sapp,Kym Johnson,Sports,1,21.0,3,7.0,-1.1124,-1.33,6,0,2
7,8,68,Warren Sapp,Kym Johnson,Sports,1,27.0,3,9.0,0.9045,2.0,2,0,2
7,9,68,Warren Sapp,Kym Johnson,Sports,1,24.5,3,8.166666666666666,-0.265,-0.83,2,0,2
7,10,68,Warren Sapp,Kym Johnson,Sports,1,27.5,3,9.166666666666666,-0.5774,1.0,2,0,2
7,1,69,Jeffrey Ross,Edyta Sliwinska,Comedy,1,12.0,3,4.0,-2.3296,0.0,13,1,13
7,1,70,Toni Braxton,Alec Mazo,Music,1,22.5,3,7.5,0.9828,0.0,2,0,8
7,2,70,Toni Braxton,Alec Mazo,Music,1,23.0,3,7.666666666666667,0.9443,0.17,3,0,8
7,3,70,Toni Braxton,Alec Mazo,Music,1,22.0,3,7.333333333333333,-0.033,-0.33,4,0,8
7,4,70,Toni Braxton,Alec Mazo,Music,1,22.0,3,7.333333333333333,-0.2134,0.0,5,0,8
7,5,70,Toni Braxton,Alec Mazo,Music,1,22.0,3,7.333333333333333,-0.7214,0.0,5,1,8
7,1,71,Lance Bass,Lacey Schwimmer,Music,1,21.5,3,7.166666666666667,0.6673,0.0,3,0,3
7,2,71,Lance Bass,Lacey Schwimmer,Music,1,20.0,3,6.666666666666667,-0.0295,-0.5,7,0,3
7,3,71,Lance Bass,Lacey Schwimmer,Music,1,22.0,3,7.333333333333333,-0.033,0.67,4,0,3
7,4,71,Lance Bass,Lacey Schwimmer,Music,1,26.0,3,8.666666666666666,1.323,1.33,1,0,3
7,5,71,Lance Bass,Lacey Schwimmer,Music,1,21.0,3,7.0,-1.0251,-1.67,7,0,3
7,6,71,Lance Bass,Lacey Schwimmer,Music,1,27.0,3,9.0,1.0311,2.0,1,0,3
7,7,71,Lance Bass,Lacey Schwimmer,Music,1,25.0,3,8.333333333333334,0.1589,-0.67,2,0,3
7,8,71,Lance Bass,Lacey Schwimmer,Music,1,25.0,3,8.333333333333334,-0.3015,0.0,3,0,3
7,9,71,Lance Bass,Lacey Schwimmer,Music,1,28.5,3,9.5,1.431,1.17,1,0,3
7,10,71,Lance Bass,Lacey Schwimmer,Music,1,27.5,3,9.166666666666666,-0.5774,-0.33,2,0,3
7,1,72,Kim Kardashian,Mark Ballas,Media/TV,1,18.5,3,6.166666666666667,-0.2791,0.0,8,0,11
7,2,72,Kim Kardashian,Mark Ballas,Media/TV,1,17.0,3,5.666666666666667,-1.0033,-0.5,9,1,11
7,1,73,Rocco DiSpirito,Karina Smirnoff,Media/TV,1,17.5,3,5.833333333333333,-0.5945,0.0,11,0,9
7,2,73,Rocco DiSpirito,Karina Smirnoff,Media/TV,1,16.0,3,5.333333333333333,-1.3279,-0.5,10,0,9
7,3,73,Rocco DiSpirito,Karina Smirnoff,Media/TV,1,20.0,3,6.666666666666667,-0.6263,1.33,8,0,9
7,4,73,Rocco DiSpirito,Karina Smirnoff,Media/TV,1,18.0,3,6.0,-1.7498,-0.67,9,1,9
7,1,74,Brooke Burke,Derek Hough,Media/TV,1,24.5,3,8.166666666666666,1.6138,0.0,1,0,1
7,2,74,Brooke Burke,Derek Hough,Media/TV,1,24.0,3,8.0,1.2689,-0.17,1,0,1
7,3,74,Brooke Burke,Derek Hough,Media/TV,1,28.0,3,9.333333333333334,1.7471,1.33,1,0,1
7,4,74,Brooke Burke,Derek Hough,Media/TV,1,26.0,3,8.666666666666666,1.323,-0.67,1,0,1
7,5,74,Brooke Burke,Derek Hough,Media/TV,1,29.0,3,9.666666666666666,1.4048,1.0,1,0,1
7,6,74,Brooke Burke,Derek Hough,Media/TV,1,26.0,3,8.666666666666666,0.7822,-1.0,2,0,1
7,7,74,Brooke Burke,Derek Hough,Media/TV,1,30.0,3,10.0,1.748,1.33,1,0,1
7,8,74,Brooke Burke,Derek Hough,Media/TV,1,27.5,3,9.166666666666666,1.206,-0.83,1,0,1
7,9,74,Brooke Burke,Derek Hough,Media/TV,1,24.5,3,8.166666666666666,-0.265,-1.0,2,0,1
7,10,74,Brooke Burke,Derek Hough,Media/TV,1,30.0,3,10.0,1.1547,1.83,1,0,1
8,1,75,Gilles Marini,Cheryl Burke,Acting,0,24.0,3,8.0,1.5497,0.0,1,0,2
8,2,75,Gilles Marini,Cheryl Burke,Acting,0,27.0,3,9.0,1.7521,1.0,1,0,2
8,3,75,Gilles Marini,Cheryl Burke,Acting,0,27.0,3,9.0,1.0498,0.0,1,0,2
8,4,75,Gilles Marini,Cheryl Burke,Acting,0,30.0,3,10.0,1.3522,1.0,1,0,2
8,5,75,Gilles Marini,Cheryl Burke,Acting,0,29.0,3,9.666666666666666,1.6358,-0.33,1,0,2
8,6,75,Gilles Marini,Cheryl Burke,Acting,0,26.0,3,8.666666666666666,0.6297,-1.0,3,0,2
8,7,75,Gilles Marini,Cheryl Burke,Acting,0,27.0,3,9.0,0.3693,0.33,3,0,2
8,8,75,Gilles Marini,Cheryl Burke,Acting,0,27.5,3,9.166666666666666,0.8519,0.17,2,0,2
8,9,75,Gilles Marini,Cheryl Burke,Acting,0,28.0,3,9.333333333333334,0.5701,0.17,2,0,2
8,10,75,Gilles Marini,Cheryl Burke,Acting,0,30.0,3,10.0,1.0518,0.67,1,0,2
8,11,75,Gilles Marini,Cheryl Burke,Acting,0,29.0,3,9.666666666666666,-0.2182,-0.33,2,0,2
8,1,76,Denise Richards,Maksim Chmerkoskiy,Acting,1,18.0,3,6.0,-0.2021,0.0,7,0,12
8,2,76,Denise Richards,Maksim Chmerkoskiy,Acting,1,21.0,3,7.0,0.163,1.0,5,0,12
8,3,76,Denise Richards,Maksim Chmerkoskiy,Acting,1,16.0,3,5.333333333333333,-0.9298,-1.67,10,1,12
8,1,77,David Alan Grier,Kym Johnson,Acting,1,19.0,3,6.333333333333333,0.0898,0.0,6,0,9
8,2,77,David Alan Grier,Kym Johnson,Acting,1,17.0,3,5.666666666666667,-0.8964,-0.67,11,0,9
8,3,77,David Alan Grier,Kym Johnson,Acting,1,24.0,3,8.0,0.5099,2.33,5,0,9
8,4,77,David Alan Grier,Kym Johnson,Acting,1,22.0,3,7.333333333333333,0.0,-0.67,6,0,9
8,5,77,David Alan Grier,Kym Johnson,Acting,1,22.0,3,7.333333333333333,-0.3849,0.0,6,1,9
8,1,78,Lawrence Taylor,Edyta Sliwinska,Sports,1,16.0,3,5.333333333333333,-0.7861,0.0,11,0,7
8,2,78,Lawrence Taylor,Edyta Sliwinska,Sports,1,20.0,3,6.666666666666667,-0.1019,1.33,6,0,7
8,3,78,Lawrence Taylor,Edyta Sliwinska,Sports,1,20.0,3,6.666666666666667,-0.21,0.0,8,0,7
8,4,78,Lawrence Taylor,Edyta Sliwinska,Sports,1,19.0,3,6.333333333333333,-0.5071,-0.33,8,0,7
8,5,78,Lawrence Taylor,Edyta Sliwinska,Sports,1,20.0,3,6.666666666666667,-0.9623,0.33,8,0,7
8,6,78,Lawrence Taylor,Edyta Sliwinska,Sports,1,22.0,3,7.333333333333333,-0.2862,0.67,6,0,7
8,7,78,Lawrence Taylor,Edyta Sliwinska,Sports,1,21.0,3,7.0,-1.8464,-0.33,7,1,7
8,1,79,Ty Murray,Chelsie Hightower,Sports,1,14.0,3,4.666666666666667,-1.37,0.0,12,0,4
8,2,79,Ty Murray,Chelsie Hightower,Sports,1,20.0,3,6.666666666666667,-0.1019,2.0,6,0,4
8,3,79,Ty Murray,Chelsie Hightower,Sports,1,23.0,3,7.666666666666667,0.3299,1.0,6,0,4
8,4,79,Ty Murray,Chelsie Hightower,Sports,1,25.0,3,8.333333333333334,0.5071,0.67,4,0,4
8,5,79,Ty Murray,Chelsie Hightower,Sports,1,21.0,3,7.0,-0.6736,-1.33,7,0,4
8,6,79,Ty Murray,Chelsie Hightower,Sports,1,18.0,3,6.0,-1.2022,-1.0,7,0,4
8,7,79,Ty Murray,Chelsie Hightower,Sports,1,24.0,3,8.0,-0.7385,2.0,6,0,4
8,8,79,Ty Murray,Chelsie Hightower,Sports,1,26.0,3,8.666666666666666,0.0,0.67,3,0,4
8,9,79,Ty Murray,Chelsie Hightower,Sports,1,23.0,3,7.666666666666667,-1.6226,-1.0,5,0,4
8,10,79,Ty Murray,Chelsie Hightower,Sports,1,24.0,3,8.0,-1.3523,0.33,4,1,4
8,1,80,Shawn Johnson,Mark Ballas,Sports,1,23.0,3,7.666666666666667,1.2577,0.0,2,0,1
8,2,80,Shawn Johnson,Mark Ballas,Sports,1,24.0,3,8.0,0.9575,0.33,3,0,1
8,3,80,Shawn Johnson,Mark Ballas,Sports,1,27.0,3,9.0,1.0498,1.0,1,0,1
8,4,80,Shawn Johnson,Mark Ballas,Sports,1,25.0,3,8.333333333333334,0.5071,-0.67,4,0,1
8,5,80,Shawn Johnson,Mark Ballas,Sports,1,26.0,3,8.666666666666666,0.7698,0.33,2,0,1
8,6,80,Shawn Johnson,Mark Ballas,Sports,1,26.0,3,8.666666666666666,0.6297,0.0,3,0,1
8,7,80,Shawn Johnson,Mark Ballas,Sports,1,28.0,3,9.333333333333334,0.7385,0.67,2,0,1
8,8,80,Shawn Johnson,Mark Ballas,Sports,1,26.0,3,8.666666666666666,0.0,-0.67,3,0,1
8,9,80,Shawn Johnson,Mark Ballas,Sports,1,28.0,3,9.333333333333334,0.5701,0.67,2,0,1
8,10,80,Shawn Johnson,Mark Ballas,Sports,1,28.0,3,9.333333333333334,0.2504,0.0,2,0,1
8,11,80,Shawn Johnson,Mark Ballas,Sports,1,30.0,3,10.0,1.0911,0.67,1,0,1
8,1,81,Steve Wozniak,Karina Smirnoff,Other,1,13.0,3,4.333333333333333,-1.662,0.0,13,0,10
8,2,81,Steve Wozniak,Karina Smirnoff,Other,1,17.0,3,5.666666666666667,-0.8964,1.33,11,0,10
8,3,81,Steve Wozniak,Karina Smirnoff,Other,1,10.0,3,3.3333333333333335,-2.0095,-2.33,12,0,10
8,4,81,Steve Wozniak,Karina Smirnoff,Other,1,12.0,3,4.0,-1.6903,0.67,11,1,10
8,1,82,Belinda Carlisle,Jonathan Roberts,Music,1,17.0,3,5.666666666666667,-0.4941,0.0,9,0,13
8,2,82,Belinda Carlisle,Jonathan Roberts,Music,1,18.0,3,6.0,-0.6316,0.33,9,1,13
8,1,83,Chuck Wicks,Julianne Hough,Music,1,20.0,3,6.666666666666667,0.3818,0.0,5,0,6
8,2,83,Chuck Wicks,Julianne Hough,Music,1,20.0,3,6.666666666666667,-0.1019,0.0,6,0,6
8,3,83,Chuck Wicks,Julianne Hough,Music,1,23.0,3,7.666666666666667,0.3299,1.0,6,0,6
8,4,83,Chuck Wicks,Julianne Hough,Music,1,22.0,3,7.333333333333333,0.0,-0.33,6,0,6
8,5,83,Chuck Wicks,Julianne Hough,Music,1,23.0,3,7.666666666666667,-0.0962,0.33,5,0,6
8,6,83,Chuck Wicks,Julianne Hough,Music,1,23.0,3,7.666666666666667,-0.0572,0.0,5,0,6
8,7,83,Chuck Wicks,Julianne Hough,Music,1,27.0,3,9.0,0.3693,1.33,3,0,6
8,8,83,Chuck Wicks,Julianne Hough,Music,1,25.5,3,8.5,-0.284,-0.5,5,1,6
8,1,84,Lil' Kim,Derek Hough,Music,1,21.0,3,7.0,0.6738,0.0,4,0,5
8,2,84,Lil' Kim,Derek Hough,Music,1,23.0,3,7.666666666666667,0.6927,0.67,4,0,5
8,3,84,Lil' Kim,Derek Hough,Music,1,25.0,3,8.333333333333334,0.6898,0.67,4,0,5
8,4,84,Lil' Kim,Derek Hough,Music,1,27.0,3,9.0,0.8452,0.67,3,0,5
8,5,84,Lil' Kim,Derek Hough,Music,1,26.0,3,8.666666666666666,0.7698,-0.33,2,0,5
8,6,84,Lil' Kim,Derek Hough,Music,1,28.0,3,9.333333333333334,1.0877,0.67,1,0,5
8,7,84,Lil' Kim,Derek Hough,Music,1,26.0,3,8.666666666666666,0.0,-0.67,5,0,5
8,8,84,Lil' Kim,Derek Hough,Music,1,28.0,3,9.333333333333334,1.1359,0.67,1,0,5
8,9,84,Lil' Kim,Derek Hough,Music,1,26.0,3,8.666666666666666,-0.307,-0.67,4,1,5
8,1,85,Steve-O,Lacey Schwimmer,Media/TV,0,17.0,3,5.666666666666667,-0.4941,0.0,9,0,8
8,2,85,Steve-O,Lacey Schwimmer,Media/TV,0,14.0,3,4.666666666666667,-1.6909,-1.0,13,0,8
8,3,85,Steve-O,Lacey Schwimmer,Media/TV,0,15.0,3,5.0,-1.1097,0.33,11,0,8
8,4,85,Steve-O,Lacey Schwimmer,Media/TV,0,15.0,3,5.0,-1.1832,0.0,10,0,8
8,5,85,Steve-O,Lacey Schwimmer,Media/TV,0,18.0,3,6.0,-1.5396,1.0,9,0,8
8,6,85,Steve-O,Lacey Schwimmer,Media/TV,0,16.0,3,5.333333333333333,-1.6601,-0.67,8,1,8
8,1,86,Holly Madison,Dmitry Chaplin,Media/TV,1,18.0,3,6.0,-0.2021,0.0,7,0,11
8,2,86,Holly Madison,Dmitry Chaplin,Media/TV,1,18.0,3,6.0,-0.6316,0.0,9,0,11
8,3,86,Holly Madison,Dmitry Chaplin,Media/TV,1,17.0,3,5.666666666666667,-0.7498,-0.33,9,0,11
8,4,86,Holly Madison,Dmitry Chaplin,Media/TV,1,16.0,3,5.333333333333333,-1.0142,-0.33,9,1,11
8,1,87,Melissa Rycroft,Tony Dovolani,Media/TV,1,23.0,3,7.666666666666667,1.2577,0.0,2,0,3
8,2,87,Melissa Rycroft,Tony Dovolani,Media/TV,1,26.0,3,8.666666666666666,1.4872,1.0,2,0,3
8,3,87,Melissa Rycroft,Tony Dovolani,Media/TV,1,27.0,3,9.0,1.0498,0.33,1,0,3
8,4,87,Melissa Rycroft,Tony Dovolani,Media/TV,1,29.0,3,9.666666666666666,1.1832,0.67,2,0,3
8,5,87,Melissa Rycroft,Tony Dovolani,Media/TV,1,25.0,3,8.333333333333334,0.4811,-1.33,4,0,3
8,6,87,Melissa Rycroft,Tony Dovolani,Media/TV,1,27.0,3,9.0,0.8587,0.67,2,0,3
8,7,87,Melissa Rycroft,Tony Dovolani,Media/TV,1,29.0,3,9.666666666666666,1.1078,0.67,1,0,3
8,8,87,Melissa Rycroft,Tony Dovolani,Media/TV,1,23.0,3,7.666666666666667,-1.7039,-2.0,6,0,3
8,9,87,Melissa Rycroft,Tony Dovolani,Media/TV,1,28.5,3,9.5,0.7894,1.83,1,0,3
8,10,87,Melissa Rycroft,Tony Dovolani,Media/TV,1,27.5,3,9.166666666666666,0.0501,-0.33,3,0,3
8,11,87,Melissa Rycroft,Tony Dovolani,Media/TV,1,28.5,3,9.5,-0.8729,0.33,3,0,3
9,1,88,Ashley Hamiliton,Edyta Sliwinska,Acting,1,18.9999,3,6.3333,-1.1966,0.0,15,1,16
9,1,89,Debi Mazar,Maksim Chmerkoskiy,Acting,1,22.0,3,7.333333333333333,-0.6335,0.0,10,0,12
9,2,89,Debi Mazar,Maksim Chmerkoskiy,Acting,1,21.0,3,7.0,0.0,-0.33,4,0,12
9,3,89,Debi Mazar,Maksim Chmerkoskiy,Acting,1,17.0,3,5.666666666666667,-0.7355,-1.33,10,1,12
9,1,90,Melissa Joan Hart,Mark Ballas,Acting,1,24.0,3,8.0,-0.2581,0.0,9,0,9
9,2,90,Melissa Joan Hart,Mark Ballas,Acting,1,19.0,3,6.333333333333333,-0.6476,-1.67,9,0,9
9,3,90,Melissa Joan Hart,Mark Ballas,Acting,1,19.0,3,6.333333333333333,-0.2187,0.0,8,0,9
9,4,90,Melissa Joan Hart,Mark Ballas,Acting,1,28.0,3,9.333333333333334,1.3093,3.0,1,0,9
9,5,90,Melissa Joan Hart,Mark Ballas,Acting,1,23.0,3,7.666666666666667,-0.4828,-1.67,7,0,9
9,6,90,Melissa Joan Hart,Mark Ballas,Acting,1,23.9999,3,7.9999666666666664,-0.9567,0.33,8,1,9
9,1,91,Mark Dacascos,Lacey Schwimmer,Acting,1,28.9998,3,9.6666,0.6804,0.0,6,0,6
9,2,91,Mark Dacascos,Lacey Schwimmer,Acting,1,21.0,3,7.0,0.0,-2.67,4,0,6
9,3,91,Mark Dacascos,Lacey Schwimmer,Acting,1,18.0,3,6.0,-0.4771,-1.0,9,0,6
9,4,91,Mark Dacascos,Lacey Schwimmer,Acting,1,22.0,3,7.333333333333333,0.0,1.33,7,0,6
9,5,91,Mark Dacascos,Lacey Schwimmer,Acting,1,26.0,3,8.666666666666666,0.7242,1.33,3,0,6
9,6,91,Mark Dacascos,Lacey Schwimmer,Acting,1,32.0,3,10.666666666666666,0.6089,2.0,4,0,6
9,7,91,Mark Dacascos,Lacey Schwimmer,Acting,1,21.5,3,7.166666666666667,-1.7422,-3.5,7,1,6
9,1,92,Chuck Liddell,Anna Trebunskaya,Sports,1,22.0,3,7.333333333333333,-0.6335,0.0,10,0,11
9,2,92,Chuck Liddell,Anna Trebunskaya,Sports,1,19.0,3,6.333333333333333,-0.6476,-1.0,9,0,11
9,3,92,Chuck Liddell,Anna Trebunskaya,Sports,1,17.0,3,5.666666666666667,-0.7355,-0.67,10,0,11
9,4,92,Chuck Liddell,Anna Trebunskaya,Sports,1,17.0,3,5.666666666666667,-1.0911,0.0,9,1,11
9,1,93,Natalie Coughlin,Alec Mazo,Sports,1,26.9998,3,8.999933333333335,0.305,0.0,7,0,10
9,2,93,Natalie Coughlin,Alec Mazo,Sports,1,21.0,3,7.0,0.0,-2.0,4,0,10
9,3,93,Natalie Coughlin,Alec Mazo,Sports,1,26.0,3,8.666666666666666,1.5903,1.67,2,0,10
9,4,93,Natalie Coughlin,Alec Mazo,Sports,1,24.0,3,8.0,0.4364,-0.67,4,0,10
9,5,93,Natalie Coughlin,Alec Mazo,Sports,1,22.0,3,7.333333333333333,-0.8851,-0.67,8,1,10
9,1,94,Louie Vito,Chelsie Hightower,Sports,1,26.9998,3,8.999933333333335,0.305,0.0,7,0,8
9,2,94,Louie Vito,Chelsie Hightower,Sports,1,19.0,3,6.333333333333333,-0.6476,-2.67,9,0,8
9,3,94,Louie Vito,Chelsie Hightower,Sports,1,20.0,3,6.666666666666667,0.0398,0.33,6,0,8
9,4,94,Louie Vito,Chelsie Hightower,Sports,1,16.0,3,5.333333333333333,-1.3093,-1.33,10,0,8
9,5,94,Louie Vito,Chelsie Hightower,Sports,1,22.0,3,7.333333333333333,-0.8851,2.0,8,0,8
9,6,94,Louie Vito,Chelsie Hightower,Sports,1,24.0,3,8.0,-0.9567,0.67,7,1,8
9,1,95,Michael Irvin,Anna Demidova,Sports,1,19.0,3,6.333333333333333,-1.1966,0.0,14,0,7
9,2,95,Michael Irvin,Anna Demidova,Sports,1,20.0,3,6.666666666666667,-0.3238,0.33,7,0,7
9,3,95,Michael Irvin,Anna Demidova,Sports,1,14.0,3,4.666666666666667,-1.5108,-2.0,13,0,7
9,4,95,Michael Irvin,Anna Demidova,Sports,1,16.0,3,5.333333333333333,-1.3093,0.67,10,0,7
9,5,95,Michael Irvin,Anna Demidova,Sports,1,21.0,3,7.0,-1.2875,1.67,10,0,7
9,6,95,Michael Irvin,Anna Demidova,Sports,1,21.9998,3,7.333266666666667,-1.3482,0.33,9,0,7
9,7,95,Michael Irvin,Anna Demidova,Sports,1,23.5,3,7.833333333333333,-0.7666,0.5,6,1,7
9,1,96,Joanna Krupa,Derek Hough,Model,0,33.9999,3,11.3333,1.6189,0.0,1,0,4
9,2,96,Joanna Krupa,Derek Hough,Model,0,20.0,3,6.666666666666667,-0.3238,-4.67,7,0,4
9,3,96,Joanna Krupa,Derek Hough,Model,0,23.0,3,7.666666666666667,0.815,1.0,3,0,4
9,4,96,Joanna Krupa,Derek Hough,Model,0,26.0,3,8.666666666666666,0.8729,1.0,3,0,4
9,5,96,Joanna Krupa,Derek Hough,Model,0,24.0,3,8.0,-0.0805,-0.67,4,0,4
9,6,96,Joanna Krupa,Derek Hough,Model,0,35.9999,3,11.999966666666666,1.3916,4.0,1,0,4
9,7,96,Joanna Krupa,Derek Hough,Model,0,27.5,3,9.166666666666666,1.1847,-2.83,1,0,4
9,8,96,Joanna Krupa,Derek Hough,Model,0,26.0,3,8.666666666666666,-0.1058,-0.5,2,0,4
9,9,96,Joanna Krupa,Derek Hough,Model,0,27.0,3,9.0,0.1826,0.33,2,1,4
9,1,97,Kathy Ireland,Tony Dovolani,Model,1,19.9999,3,6.666633333333333,-1.0089,0.0,12,0,14
9,2,97,Kathy Ireland,Tony Dovolani,Model,1,18.0,3,6.0,-0.9714,-0.67,13,1,14
9,1,98,Tom DeLay,Cheryl Burke,Politics,1,19.9999,3,6.666633333333333,-1.0089,0.0,12,0,13
9,2,98,Tom DeLay,Cheryl Burke,Politics,1,18.0,3,6.0,-0.9714,-0.67,13,0,13
9,3,98,Tom DeLay,Cheryl Burke,Politics,1,15.0,3,5.0,-1.2523,-1.0,12,0,13
9,1,99,Macy Gray,Jonathan Roberts,Music,1,18.9999,3,6.3333,-1.1966,0.0,15,1,15
9,1,100,Aaron Carter,Karina Smirnoff,Music,1,31.999899999999997,3,10.666633333333333,1.2435,0.0,2,0,5
9,2,100,Aaron Carter,Karina Smirnoff,Music,1,27.0,3,9.0,1.9427,-1.67,1,0,5
9,3,100,Aaron Carter,Karina Smirnoff,Music,1,21.0,3,7.0,0.2982,-2.0,4,0,5
9,4,100,Aaron Carter,Karina Smirnoff,Music,1,18.0,3,6.0,-0.8729,-1.0,8,0,5
9,5,100,Aaron Carter,Karina Smirnoff,Music,1,24.0,3,8.0,-0.0805,2.0,4,0,5
9,6,100,Aaron Carter,Karina Smirnoff,Music,1,32.9998,3,10.999933333333335,0.8045,3.0,3,0,5
9,7,100,Aaron Carter,Karina Smirnoff,Music,1,26.5,3,8.833333333333334,0.6969,-2.17,2,0,5
9,8,100,Aaron Carter,Karina Smirnoff,Music,1,25.0,3,8.333333333333334,-0.6347,-0.5,4,1,5
9,1,101,Mya,Dmitry Chaplin,Music,1,30.999899999999997,3,10.3333,1.0558,0.0,3,0,2
9,2,101,Mya,Dmitry Chaplin,Music,1,27.0,3,9.0,1.9427,-1.33,1,0,2
9,3,101,Mya,Dmitry Chaplin,Music,1,27.0,3,9.0,1.8487,0.0,1,0,2
9,4,101,Mya,Dmitry Chaplin,Music,1,28.0,3,9.333333333333334,1.3093,0.33,1,0,2
9,5,101,Mya,Dmitry Chaplin,Music,1,27.0,3,9.0,1.1265,-0.33,2,0,2
9,6,101,Mya,Dmitry Chaplin,Music,1,33.0,3,11.0,0.8046,2.0,2,0,2
9,7,101,Mya,Dmitry Chaplin,Music,1,24.5,3,8.166666666666666,-0.2787,-2.83,5,0,2
9,8,101,Mya,Dmitry Chaplin,Music,1,29.5,3,9.833333333333334,1.7453,1.67,1,0,2
9,9,101,Mya,Dmitry Chaplin,Music,1,28.9999,3,9.666633333333333,1.278,-0.17,1,0,2
9,10,101,Mya,Dmitry Chaplin,Music,1,28.333199999999998,3,9.4444,0.4041,-0.22,2,0,2
9,1,102,Donny Osmond,Kym Johnson,Music,1,29.999899999999997,3,9.999966666666666,0.8681,0.0,5,0,1
9,2,102,Donny Osmond,Kym Johnson,Music,1,25.0,3,8.333333333333334,1.2952,-1.67,3,0,1
9,3,102,Donny Osmond,Kym Johnson,Music,1,21.0,3,7.0,0.2982,-1.33,4,0,1
9,4,102,Donny Osmond,Kym Johnson,Music,1,24.0,3,8.0,0.4364,1.0,4,0,1
9,5,102,Donny Osmond,Kym Johnson,Music,1,29.0,3,9.666666666666666,1.9312,1.67,1,0,1
9,6,102,Donny Osmond,Kym Johnson,Music,1,30.999899999999997,3,10.3333,0.4131,0.67,5,0,1
9,7,102,Donny Osmond,Kym Johnson,Music,1,26.0,3,8.666666666666666,0.453,-1.67,3,0,1
9,8,102,Donny Osmond,Kym Johnson,Music,1,25.0,3,8.333333333333334,-0.6347,-0.33,4,0,1
9,9,102,Donny Osmond,Kym Johnson,Music,1,24.6666,3,8.222199999999999,-1.0954,-0.11,4,0,1
9,10,102,Donny Osmond,Kym Johnson,Music,1,28.9998,3,9.6666,0.7347,1.44,1,0,1
9,1,103,Kelly Osbourne,Louis van Amstel,Media/TV,0,30.9998,3,10.333266666666667,1.0558,0.0,4,0,3
9,2,103,Kelly Osbourne,Louis van Amstel,Media/TV,0,19.0,3,6.333333333333333,-0.6476,-4.0,9,0,3
9,3,103,Kelly Osbourne,Louis van Amstel,Media/TV,0,20.0,3,6.666666666666667,0.0398,0.33,6,0,3
9,4,103,Kelly Osbourne,Louis van Amstel,Media/TV,0,23.0,3,7.666666666666667,0.2182,1.0,6,0,3
9,5,103,Kelly Osbourne,Louis van Amstel,Media/TV,0,24.0,3,8.0,-0.0805,0.33,4,0,3
9,6,103,Kelly Osbourne,Louis van Amstel,Media/TV,0,24.9998,3,8.333266666666667,-0.7611,0.33,6,0,3
9,7,103,Kelly Osbourne,Louis van Amstel,Media/TV,0,26.0,3,8.666666666666666,0.453,0.33,3,0,3
9,8,103,Kelly Osbourne,Louis van Amstel,Media/TV,0,25.5,3,8.5,-0.3702,-0.17,3,0,3
9,9,103,Kelly Osbourne,Louis van Amstel,Media/TV,0,25.9998,3,8.6666,-0.3652,0.17,3,0,3
9,10,103,Kelly Osbourne,Louis van Amstel,Media/TV,0,25.2222,3,8.4074,-1.1388,-0.26,3,0,3
10,1,104,Aiden Turner,Edyta Sliwinska,Acting,0,15.0,3,5.0,-1.1847,0.0,10,0,9
10,2,104,Aiden Turner,Edyta Sliwinska,Acting,0,19.0,3,6.333333333333333,-0.2236,1.33,8,0,9
10,3,104,Aiden Turner,Edyta Sliwinska,Acting,0,20.0,3,6.666666666666667,-0.0789,0.33,7,0,9
10,4,104,Aiden Turner,Edyta Sliwinska,Acting,0,16.5,3,5.5,-1.1221,-1.17,8,1,9
10,1,105,Shannen Doherty,Mark Ballas,Acting,1,18.0,3,6.0,-0.2962,0.0,6,0,11
10,2,105,Shannen Doherty,Mark Ballas,Acting,1,20.0,3,6.666666666666667,0.0,0.67,6,1,11
10,1,106,Niecy Nash,Louis van Amstel,Acting,1,18.0,3,6.0,-0.2962,0.0,6,0,5
10,2,106,Niecy Nash,Louis van Amstel,Acting,1,21.0,3,7.0,0.2236,1.0,5,0,5
10,3,106,Niecy Nash,Louis van Amstel,Acting,1,21.0,3,7.0,0.1841,0.0,4,0,5
10,4,106,Niecy Nash,Louis van Amstel,Acting,1,18.0,3,6.0,-0.7127,-1.0,7,0,5
10,5,106,Niecy Nash,Louis van Amstel,Acting,1,18.0,3,6.0,-0.7682,0.0,6,0,5
10,6,106,Niecy Nash,Louis van Amstel,Acting,1,25.9998,3,8.6666,-0.9316,2.67,6,0,5
10,7,106,Niecy Nash,Louis van Amstel,Acting,1,24.5,3,8.166666666666666,-1.4599,-0.5,6,0,5
10,8,106,Niecy Nash,Louis van Amstel,Acting,1,21.5,3,7.166666666666667,-1.1617,-1.0,5,1,5
10,1,107,Buzz Aldrin,Ashly DelGrosso,Other,1,14.0,3,4.666666666666667,-1.4809,0.0,11,0,10
10,2,107,Buzz Aldrin,Ashly DelGrosso,Other,1,12.0,3,4.0,-1.7889,-0.67,11,0,10
10,3,107,Buzz Aldrin,Ashly DelGrosso,Other,1,13.0,3,4.333333333333333,-1.92,0.33,10,1,10
10,1,108,Chad Ochocinco,Cheryl Burke,Sports,1,18.0,3,6.0,-0.2962,0.0,6,0,4
10,2,108,Chad Ochocinco,Cheryl Burke,Sports,1,16.0,3,5.333333333333333,-0.8944,-0.67,9,0,4
10,3,108,Chad Ochocinco,Cheryl Burke,Sports,1,20.0,3,6.666666666666667,-0.0789,1.33,7,0,4
10,4,108,Chad Ochocinco,Cheryl Burke,Sports,1,22.0,3,7.333333333333333,0.3791,0.67,4,0,4
10,5,108,Chad Ochocinco,Cheryl Burke,Sports,1,18.0,3,6.0,-0.7682,-1.33,6,0,4
10,6,108,Chad Ochocinco,Cheryl Burke,Sports,1,30.999899999999997,3,10.3333,0.276,4.33,3,0,4
10,7,108,Chad Ochocinco,Cheryl Burke,Sports,1,26.0,3,8.666666666666666,0.0859,-1.67,3,0,4
10,8,108,Chad Ochocinco,Cheryl Burke,Sports,1,22.5,3,7.5,-0.856,-1.17,4,0,4
10,9,108,Chad Ochocinco,Cheryl Burke,Sports,1,26.0,3,8.666666666666666,-1.3568,1.17,4,1,4
10,1,109,Evan Lysacek,Anna Trebunskaya,Sports,1,23.0,3,7.666666666666667,1.1847,0.0,2,0,2
10,2,109,Evan Lysacek,Anna Trebunskaya,Sports,1,24.0,3,8.0,0.8944,0.33,2,0,2
10,3,109,Evan Lysacek,Anna Trebunskaya,Sports,1,26.0,3,8.666666666666666,1.4992,0.67,1,0,2
10,4,109,Evan Lysacek,Anna Trebunskaya,Sports,1,26.0,3,8.666666666666666,1.4708,0.0,1,0,2
10,5,109,Evan Lysacek,Anna Trebunskaya,Sports,1,27.0,3,9.0,1.139,0.33,2,0,2
10,6,109,Evan Lysacek,Anna Trebunskaya,Sports,1,27.0,3,9.0,-0.69,0.0,5,0,2
10,7,109,Evan Lysacek,Anna Trebunskaya,Sports,1,27.0,3,9.0,1.1164,0.0,1,0,2
10,8,109,Evan Lysacek,Anna Trebunskaya,Sports,1,26.5,3,8.833333333333334,0.3669,-0.17,2,0,2
10,9,109,Evan Lysacek,Anna Trebunskaya,Sports,1,29.5,3,9.833333333333334,0.7538,1.0,1,0,2
10,10,109,Evan Lysacek,Anna Trebunskaya,Sports,1,26.8887,3,8.9629,-0.629,-0.87,3,0,2
10,1,110,Pamela Anderson,Damian Whitewood,Model,0,21.0,3,7.0,0.5923,0.0,3,0,6
10,2,110,Pamela Anderson,Damian Whitewood,Model,0,22.0,3,7.333333333333333,0.4472,0.33,4,0,6
10,3,110,Pamela Anderson,Damian Whitewood,Model,0,21.0,3,7.0,0.1841,-0.33,4,0,6
10,4,110,Pamela Anderson,Damian Whitewood,Model,0,23.5,3,7.833333333333333,0.7885,0.83,3,0,6
10,5,110,Pamela Anderson,Damian Whitewood,Model,0,21.0,3,7.0,-0.1324,-0.83,5,0,6
10,6,110,Pamela Anderson,Damian Whitewood,Model,0,29.9998,3,9.999933333333335,0.0345,3.0,4,0,6
10,7,110,Pamela Anderson,Damian Whitewood,Model,0,25.5,3,8.5,-0.4294,-1.5,4,1,6
10,1,111,Nicole Scherzinger,Derek Hough,Music,1,25.0,3,8.333333333333334,1.777,0.0,1,0,1
10,2,111,Nicole Scherzinger,Derek Hough,Music,1,28.0,3,9.333333333333334,1.7889,1.0,1,0,1
10,3,111,Nicole Scherzinger,Derek Hough,Music,1,23.0,3,7.666666666666667,0.7101,-1.67,2,0,1
10,4,111,Nicole Scherzinger,Derek Hough,Music,1,25.0,3,8.333333333333334,1.1979,0.67,2,0,1
10,5,111,Nicole Scherzinger,Derek Hough,Music,1,29.0,3,9.666666666666666,1.5629,1.33,1,0,1
10,6,111,Nicole Scherzinger,Derek Hough,Music,1,35.9999,3,11.999966666666666,1.4836,2.33,1,0,1
10,7,111,Nicole Scherzinger,Derek Hough,Music,1,27.0,3,9.0,1.1164,-3.0,1,0,1
10,8,111,Nicole Scherzinger,Derek Hough,Music,1,29.5,3,9.833333333333334,1.284,0.83,1,0,1
10,9,111,Nicole Scherzinger,Derek Hough,Music,1,29.5,3,9.833333333333334,0.7538,0.0,1,0,1
10,10,111,Nicole Scherzinger,Derek Hough,Music,1,28.7777,3,9.592566666666666,1.1531,-0.24,1,0,1
10,1,112,Erin Andrews,Maksim Chmerkoskiy,Sports,1,21.0,3,7.0,0.5923,0.0,3,0,3
10,2,112,Erin Andrews,Maksim Chmerkoskiy,Sports,1,23.0,3,7.666666666666667,0.6708,0.67,3,0,3
10,3,112,Erin Andrews,Maksim Chmerkoskiy,Sports,1,23.0,3,7.666666666666667,0.7101,0.0,2,0,3
10,4,112,Erin Andrews,Maksim Chmerkoskiy,Sports,1,19.5,3,6.5,-0.3033,-1.17,5,0,3
10,5,112,Erin Andrews,Maksim Chmerkoskiy,Sports,1,22.0,3,7.333333333333333,0.0795,0.83,4,0,3
10,6,112,Erin Andrews,Maksim Chmerkoskiy,Sports,1,34.0,3,11.333333333333334,1.0006,4.0,2,0,3
10,7,112,Erin Andrews,Maksim Chmerkoskiy,Sports,1,25.5,3,8.5,-0.4294,-2.83,4,0,3
10,8,112,Erin Andrews,Maksim Chmerkoskiy,Sports,1,26.5,3,8.833333333333334,0.3669,0.33,2,0,3
10,9,112,Erin Andrews,Maksim Chmerkoskiy,Sports,1,28.0,3,9.333333333333334,-0.1508,0.5,3,0,3
10,10,112,Erin Andrews,Maksim Chmerkoskiy,Sports,1,26.9998,3,8.999933333333333,-0.5242,-0.33,2,0,3
10,1,113,Kate Gosselin,Tony Dovolani,Media/TV,1,16.0,3,5.333333333333333,-0.8885,0.0,9,0,8
10,2,113,Kate Gosselin,Tony Dovolani,Media/TV,1,15.0,3,5.0,-1.118,-0.33,10,0,8
10,3,113,Kate Gosselin,Tony Dovolani,Media/TV,1,15.0,3,5.0,-1.394,0.0,9,0,8
10,4,113,Kate Gosselin,Tony Dovolani,Media/TV,1,16.0,3,5.333333333333333,-1.2586,0.33,9,0,8
10,5,113,Kate Gosselin,Tony Dovolani,Media/TV,1,15.0,3,5.0,-1.4039,-0.33,8,1,8
10,1,114,Jake Pavelka,Chelsie Hightower,Media/TV,1,20.0,3,6.666666666666667,0.2962,0.0,5,0,7
10,2,114,Jake Pavelka,Chelsie Hightower,Media/TV,1,20.0,3,6.666666666666667,0.0,0.0,6,0,7
10,3,114,Jake Pavelka,Chelsie Hightower,Media/TV,1,21.0,3,7.0,0.1841,0.33,4,0,7
10,4,114,Jake Pavelka,Chelsie Hightower,Media/TV,1,19.0,3,6.333333333333333,-0.4397,-0.67,6,0,7
10,5,114,Jake Pavelka,Chelsie Hightower,Media/TV,1,23.0,3,7.666666666666667,0.2914,1.33,3,0,7
10,6,114,Jake Pavelka,Chelsie Hightower,Media/TV,1,24.999899999999997,3,8.3333,-1.1731,0.67,7,1,7
11,1,115,David Hasselhoff,Kym Johnson,Acting,1,15.0,3,5.0,-1.1623,0.0,10,1,12
11,1,116,Florence Henderson,Corky Ballas,Acting,1,18.0,3,6.0,-0.272,0.0,7,0,8
11,2,116,Florence Henderson,Corky Ballas,Acting,1,19.0,3,6.333333333333333,-0.3306,0.33,8,0,8
11,3,116,Florence Henderson,Corky Ballas,Acting,1,20.0,3,6.666666666666667,-0.7944,0.33,7,0,8
11,4,116,Florence Henderson,Corky Ballas,Acting,1,17.5,3,5.833333333333333,-0.5403,-0.83,6,0,8
11,5,116,Florence Henderson,Corky Ballas,Acting,1,21.0,3,7.0,-0.6002,1.17,6,1,8
11,1,117,Kyle Massey,Lacey Schwimmer,Acting,1,23.0,3,7.666666666666667,1.2117,0.0,2,0,2
11,2,117,Kyle Massey,Lacey Schwimmer,Acting,1,22.0,3,7.333333333333333,0.5785,-0.33,3,0,2
11,3,117,Kyle Massey,Lacey Schwimmer,Acting,1,23.0,3,7.666666666666667,0.3404,0.33,5,0,2
11,4,117,Kyle Massey,Lacey Schwimmer,Acting,1,20.0,3,6.666666666666667,0.0251,-1.0,4,0,2
11,5,117,Kyle Massey,Lacey Schwimmer,Acting,1,20.0,3,6.666666666666667,-0.9432,0.0,7,0,2
11,6,117,Kyle Massey,Lacey Schwimmer,Acting,1,29.999899999999997,3,9.999966666666666,0.1011,3.33,4,0,2
11,7,117,Kyle Massey,Lacey Schwimmer,Acting,1,33.5,4,8.375,-0.779,-1.62,5,0,2
11,8,117,Kyle Massey,Lacey Schwimmer,Acting,1,28.0,3,9.333333333333334,0.5941,0.96,3,0,2
11,9,117,Kyle Massey,Lacey Schwimmer,Acting,1,29.0,3,9.666666666666666,0.3397,0.33,2,0,2
11,10,117,Kyle Massey,Lacey Schwimmer,Acting,1,27.333199999999998,3,9.111066666666666,-0.1525,-0.56,2,0,2
11,1,118,Jennifer Grey,Derek Hough,Acting,1,24.0,3,8.0,1.5085,0.0,1,0,1
11,2,118,Jennifer Grey,Derek Hough,Acting,1,24.0,3,8.0,1.1845,0.0,1,0,1
11,3,118,Jennifer Grey,Derek Hough,Acting,1,24.0,3,8.0,0.7187,0.0,2,0,1
11,4,118,Jennifer Grey,Derek Hough,Acting,1,28.0,3,9.333333333333334,1.8345,1.33,1,0,1
11,5,118,Jennifer Grey,Derek Hough,Acting,1,25.0,3,8.333333333333334,0.7717,-1.0,2,0,1
11,6,118,Jennifer Grey,Derek Hough,Acting,1,29.0,3,9.666666666666666,-0.1348,1.33,5,0,1
11,7,118,Jennifer Grey,Derek Hough,Acting,1,36.5,4,9.125,1.0906,-0.54,1,0,1
11,8,118,Jennifer Grey,Derek Hough,Acting,1,28.5,3,9.5,0.7921,0.38,1,0,1
11,9,118,Jennifer Grey,Derek Hough,Acting,1,30.0,3,10.0,1.019,0.5,1,0,1
11,10,118,Jennifer Grey,Derek Hough,Acting,1,30.0,3,10.0,1.0675,0.0,1,0,1
11,1,119,Rick Fox,Cheryl Burke,Sports,0,22.0,3,7.333333333333333,0.915,0.0,4,0,6
11,2,119,Rick Fox,Cheryl Burke,Sports,0,21.0,3,7.0,0.2755,-0.33,5,0,6
11,3,119,Rick Fox,Cheryl Burke,Sports,0,24.0,3,8.0,0.7187,1.0,2,0,6
11,4,119,Rick Fox,Cheryl Burke,Sports,0,19.5,3,6.5,-0.088,-1.5,5,0,6
11,5,119,Rick Fox,Cheryl Burke,Sports,0,24.0,3,8.0,0.4287,1.5,3,0,6
11,6,119,Rick Fox,Cheryl Burke,Sports,0,30.0,3,10.0,0.1012,2.0,3,0,6
11,7,119,Rick Fox,Cheryl Burke,Sports,0,34.5,4,8.625,-0.1558,-1.38,4,1,6
11,1,120,Kurt Warner,Anna Trebunskaya,Sports,1,19.0,3,6.333333333333333,0.0247,0.0,5,0,5
11,2,120,Kurt Warner,Anna Trebunskaya,Sports,1,21.0,3,7.0,0.2755,0.67,5,0,5
11,3,120,Kurt Warner,Anna Trebunskaya,Sports,1,23.0,3,7.666666666666667,0.3404,0.67,5,0,5
11,4,120,Kurt Warner,Anna Trebunskaya,Sports,1,17.0,3,5.666666666666667,-0.6534,-2.0,7,0,5
11,5,120,Kurt Warner,Anna Trebunskaya,Sports,1,24.0,3,8.0,0.4287,2.33,3,0,5
11,6,120,Kurt Warner,Anna Trebunskaya,Sports,1,21.9999,3,7.3333,-1.787,-0.67,7,0,5
11,7,120,Kurt Warner,Anna Trebunskaya,Sports,1,35.0,4,8.75,0.1558,1.42,3,0,5
11,8,120,Kurt Warner,Anna Trebunskaya,Sports,1,24.0,3,8.0,-0.9901,-0.75,4,1,5
11,1,121,Margaret Cho,Louis van Amstel,Comedy,1,15.0,3,5.0,-1.1623,0.0,10,0,10
11,2,121,Margaret Cho,Louis van Amstel,Comedy,1,18.0,3,6.0,-0.6336,1.0,9,0,10
11,3,121,Margaret Cho,Louis van Amstel,Comedy,1,18.0,3,6.0,-1.5509,0.0,10,1,10
11,1,122,Michael Bolton,Chelsie Hightower,Music,1,16.0,3,5.333333333333333,-0.8655,0.0,9,0,11
11,2,122,Michael Bolton,Chelsie Hightower,Music,1,12.0,3,4.0,-2.4517,-1.33,11,1,11
11,1,123,Brandy,Maksim Chmerkoskiy,Music,1,23.0,3,7.666666666666667,1.2117,0.0,2,0,4
11,2,123,Brandy,Maksim Chmerkoskiy,Music,1,21.0,3,7.0,0.2755,-0.67,5,0,4
11,3,123,Brandy,Maksim Chmerkoskiy,Music,1,24.0,3,8.0,0.7187,1.0,2,0,4
11,4,123,Brandy,Maksim Chmerkoskiy,Music,1,24.0,3,8.0,0.9298,0.0,2,0,4
11,5,123,Brandy,Maksim Chmerkoskiy,Music,1,27.0,3,9.0,1.4577,1.0,1,0,4
11,6,123,Brandy,Maksim Chmerkoskiy,Music,1,35.9999,3,11.999966666666666,1.5172,3.0,1,0,4
11,7,123,Brandy,Maksim Chmerkoskiy,Music,1,36.5,4,9.125,1.0906,-2.87,1,0,4
11,8,123,Brandy,Maksim Chmerkoskiy,Music,1,28.5,3,9.5,0.7921,0.38,1,0,4
11,9,123,Brandy,Maksim Chmerkoskiy,Music,1,28.5,3,9.5,0.0,0.0,3,1,4
11,1,124,The Situation,Karina Smirnoff,Media/TV,1,15.0,3,5.0,-1.1623,0.0,10,0,9
11,2,124,The Situation,Karina Smirnoff,Media/TV,1,18.0,3,6.0,-0.6336,1.0,9,0,9
11,3,124,The Situation,Karina Smirnoff,Media/TV,1,20.0,3,6.666666666666667,-0.7944,0.67,7,0,9
11,4,124,The Situation,Karina Smirnoff,Media/TV,1,14.0,3,4.666666666666667,-1.3319,-2.0,9,1,9
11,1,125,Audrina Patridge,Tony Dovolani,Media/TV,1,19.0,3,6.333333333333333,0.0247,0.0,5,0,7
11,2,125,Audrina Patridge,Tony Dovolani,Media/TV,1,23.0,3,7.666666666666667,0.8815,1.33,2,0,7
11,3,125,Audrina Patridge,Tony Dovolani,Media/TV,1,26.0,3,8.666666666666666,1.4752,1.0,1,0,7
11,4,125,Audrina Patridge,Tony Dovolani,Media/TV,1,23.0,3,7.666666666666667,0.7037,-1.0,3,0,7
11,5,125,Audrina Patridge,Tony Dovolani,Media/TV,1,23.0,3,7.666666666666667,0.0857,0.0,5,0,7
11,6,125,Audrina Patridge,Tony Dovolani,Media/TV,1,31.9998,3,10.6666,0.5732,3.0,2,1,7
11,1,126,Bristol Palin,Mark Ballas,Media/TV,1,18.0,3,6.0,-0.272,0.0,7,0,3
11,2,126,Bristol Palin,Mark Ballas,Media/TV,1,22.0,3,7.333333333333333,0.5785,1.33,3,0,3
11,3,126,Bristol Palin,Mark Ballas,Media/TV,1,19.0,3,6.333333333333333,-1.1726,-1.0,9,0,3
11,4,126,Bristol Palin,Mark Ballas,Media/TV,1,16.0,3,5.333333333333333,-0.8796,-1.0,8,0,3
11,5,126,Bristol Palin,Mark Ballas,Media/TV,1,18.0,3,6.0,-1.6292,0.67,8,0,3
11,6,126,Bristol Palin,Mark Ballas,Media/TV,1,27.9998,3,9.333266666666667,-0.3709,3.33,6,0,3
11,7,126,Bristol Palin,Mark Ballas,Media/TV,1,32.5,4,8.125,-1.4021,-1.21,6,0,3
11,8,126,Bristol Palin,Mark Ballas,Media/TV,1,23.5,3,7.833333333333333,-1.1882,-0.29,5,0,3
11,9,126,Bristol Palin,Mark Ballas,Media/TV,1,26.5,3,8.833333333333334,-1.3587,1.0,4,0,3
11,10,126,Bristol Palin,Mark Ballas,Media/TV,1,25.6666,3,8.555533333333333,-0.915,-0.28,3,0,3
12,1,127,Ralph Macchio,Karina Smirnoff,Acting,1,24.0,3,8.0,1.5238,0.0,1,0,4
12,2,127,Ralph Macchio,Karina Smirnoff,Acting,1,21.0,3,7.0,0.5453,-1.0,4,0,4
12,3,127,Ralph Macchio,Karina Smirnoff,Acting,1,21.0,3,7.0,-0.1373,0.0,5,0,4
12,4,127,Ralph Macchio,Karina Smirnoff,Acting,1,25.0,3,8.333333333333334,0.872,1.33,2,0,4
12,5,127,Ralph Macchio,Karina Smirnoff,Acting,1,22.0,3,7.333333333333333,-1.0285,-1.0,6,0,4
12,6,127,Ralph Macchio,Karina Smirnoff,Acting,1,24.0,3,8.0,-0.7741,0.67,6,0,4
12,7,127,Ralph Macchio,Karina Smirnoff,Acting,1,33.0,4,8.25,1.1081,0.25,1,0,4
12,8,127,Ralph Macchio,Karina Smirnoff,Acting,1,23.0,3,7.666666666666667,-1.6971,-0.58,5,0,4
12,9,127,Ralph Macchio,Karina Smirnoff,Acting,1,24.0,3,8.0,-1.0057,0.33,4,1,4
12,1,128,Chelsea Kane,Mark Ballas,Acting,1,21.0,3,7.0,0.6416,0.0,3,0,3
12,2,128,Chelsea Kane,Mark Ballas,Acting,1,18.0,3,6.0,-0.6543,-1.0,7,0,3
12,3,128,Chelsea Kane,Mark Ballas,Acting,1,23.0,3,7.666666666666667,0.5492,1.67,3,0,3
12,4,128,Chelsea Kane,Mark Ballas,Acting,1,26.0,3,8.666666666666666,1.2851,1.0,1,0,3
12,5,128,Chelsea Kane,Mark Ballas,Acting,1,26.0,3,8.666666666666666,0.8,0.0,2,0,3
12,6,128,Chelsea Kane,Mark Ballas,Acting,1,28.0,3,9.333333333333334,1.0321,0.67,1,0,3
12,7,128,Chelsea Kane,Mark Ballas,Acting,1,32.0,4,8.0,0.4082,-1.33,3,0,3
12,8,128,Chelsea Kane,Mark Ballas,Acting,1,27.5,3,9.166666666666666,0.8485,1.17,1,0,3
12,9,128,Chelsea Kane,Mark Ballas,Acting,1,36.5,3,12.166666666666666,1.3332,3.0,1,0,3
12,10,128,Chelsea Kane,Mark Ballas,Acting,1,29.666600000000003,3,9.888866666666667,0.5774,-2.28,1,0,3
12,1,129,Kirstie Alley,Maksim Chmerkoskiy,Acting,1,23.0,3,7.666666666666667,1.2298,0.0,2,0,2
12,2,129,Kirstie Alley,Maksim Chmerkoskiy,Acting,1,20.0,3,6.666666666666667,0.1454,-1.0,5,0,2
12,3,129,Kirstie Alley,Maksim Chmerkoskiy,Acting,1,21.0,3,7.0,-0.1373,0.33,5,0,2
12,4,129,Kirstie Alley,Maksim Chmerkoskiy,Acting,1,22.0,3,7.333333333333333,-0.3672,0.33,7,0,2
12,5,129,Kirstie Alley,Maksim Chmerkoskiy,Acting,1,23.0,3,7.666666666666667,-0.5714,0.33,5,0,2
12,6,129,Kirstie Alley,Maksim Chmerkoskiy,Acting,1,26.0,3,8.666666666666666,0.129,1.0,4,0,2
12,7,129,Kirstie Alley,Maksim Chmerkoskiy,Acting,1,30.0,4,7.5,-0.9915,-1.17,5,0,2
12,8,129,Kirstie Alley,Maksim Chmerkoskiy,Acting,1,26.5,3,8.833333333333334,0.2828,1.33,3,0,2
12,9,129,Kirstie Alley,Maksim Chmerkoskiy,Acting,1,27.0,3,9.0,-0.4444,0.17,3,0,2
12,10,129,Kirstie Alley,Maksim Chmerkoskiy,Acting,1,27.999899999999997,3,9.3333,-1.1547,0.33,3,0,2
12,1,130,Hines Ward,Kym Johnson,Sports,0,21.0,3,7.0,0.6416,0.0,3,0,1
12,2,130,Hines Ward,Kym Johnson,Sports,0,23.0,3,7.666666666666667,1.345,0.67,1,0,1
12,3,130,Hines Ward,Kym Johnson,Sports,0,25.0,3,8.333333333333334,1.2356,0.67,1,0,1
12,4,130,Hines Ward,Kym Johnson,Sports,0,25.0,3,8.333333333333334,0.872,0.0,2,0,1
12,5,130,Hines Ward,Kym Johnson,Sports,0,27.0,3,9.0,1.2571,0.67,1,0,1
12,6,130,Hines Ward,Kym Johnson,Sports,0,27.0,3,9.0,0.5805,0.0,3,0,1
12,7,130,Hines Ward,Kym Johnson,Sports,0,33.0,4,8.25,1.1081,-0.75,1,0,1
12,8,130,Hines Ward,Kym Johnson,Sports,0,27.0,3,9.0,0.5657,0.75,2,0,1
12,9,130,Hines Ward,Kym Johnson,Sports,0,30.0,3,10.0,0.1169,1.0,2,0,1
12,10,130,Hines Ward,Kym Johnson,Sports,0,29.666600000000003,3,9.888866666666667,0.5774,-0.11,1,0,1
12,1,131,Sugar Ray Leonard,Anna Trebunskaya,Sports,1,17.0,3,5.666666666666667,-0.5347,0.0,9,0,9
12,2,131,Sugar Ray Leonard,Anna Trebunskaya,Sports,1,17.0,3,5.666666666666667,-1.0542,0.0,9,0,9
12,3,131,Sugar Ray Leonard,Anna Trebunskaya,Sports,1,20.0,3,6.666666666666667,-0.4805,1.0,8,0,9
12,4,131,Sugar Ray Leonard,Anna Trebunskaya,Sports,1,21.0,3,7.0,-0.7802,0.33,8,1,9
12,1,132,Chris Jericho,Cheryl Burke,Sports,1,19.0,3,6.333333333333333,0.0535,0.0,5,0,7
12,2,132,Chris Jericho,Cheryl Burke,Sports,1,23.0,3,7.666666666666667,1.345,1.33,1,0,7
12,3,132,Chris Jericho,Cheryl Burke,Sports,1,21.0,3,7.0,-0.1373,-0.67,5,0,7
12,4,132,Chris Jericho,Cheryl Burke,Sports,1,23.0,3,7.666666666666667,0.0459,0.67,4,0,7
12,5,132,Chris Jericho,Cheryl Burke,Sports,1,26.0,3,8.666666666666666,0.8,1.0,2,0,7
12,6,132,Chris Jericho,Cheryl Burke,Sports,1,22.0,3,7.333333333333333,-1.6771,-1.33,7,1,7
12,1,133,Petra Nemcova,Dmitry Chaplin,Model,0,18.0,3,6.0,-0.2406,0.0,7,0,8
12,2,133,Petra Nemcova,Dmitry Chaplin,Model,0,18.0,3,6.0,-0.6543,0.0,7,0,8
12,3,133,Petra Nemcova,Dmitry Chaplin,Model,0,25.0,3,8.333333333333334,1.2356,2.33,1,0,8
12,4,133,Petra Nemcova,Dmitry Chaplin,Model,0,23.0,3,7.666666666666667,0.0459,-0.67,4,0,8
12,5,133,Petra Nemcova,Dmitry Chaplin,Model,0,22.0,3,7.333333333333333,-1.0285,-0.33,6,1,8
12,1,134,Mike Catherwood,Lacey Schwimmer,Media/TV,1,13.0,3,4.333333333333333,-1.711,0.0,11,0,11
12,2,134,Mike Catherwood,Lacey Schwimmer,Media/TV,1,17.0,3,5.666666666666667,-1.0542,1.33,9,1,11
12,1,135,Romeo,Chelsie Hightower,Music,1,19.0,3,6.333333333333333,0.0535,0.0,5,0,5
12,2,135,Romeo,Chelsie Hightower,Music,1,23.0,3,7.666666666666667,1.345,1.33,1,0,5
12,3,135,Romeo,Chelsie Hightower,Music,1,20.0,3,6.666666666666667,-0.4805,-1.0,8,0,5
12,4,135,Romeo,Chelsie Hightower,Music,1,23.0,3,7.666666666666667,0.0459,1.0,4,0,5
12,5,135,Romeo,Chelsie Hightower,Music,1,26.0,3,8.666666666666666,0.8,1.0,2,0,5
12,6,135,Romeo,Chelsie Hightower,Music,1,28.0,3,9.333333333333334,1.0321,0.67,1,0,5
12,7,135,Romeo,Chelsie Hightower,Music,1,30.0,4,7.5,-0.9915,-1.83,5,0,5
12,8,135,Romeo,Chelsie Hightower,Music,1,26.0,3,8.666666666666666,0.0,1.17,4,1,5
12,1,136,Wendy Williams,Tony Dovolani,Media/TV,1,14.0,3,4.666666666666667,-1.4169,0.0,10,0,10
12,2,136,Wendy Williams,Tony Dovolani,Media/TV,1,17.0,3,5.666666666666667,-1.0542,1.0,9,0,10
12,3,136,Wendy Williams,Tony Dovolani,Media/TV,1,15.0,3,5.0,-2.1966,-0.67,10,1,10
12,1,137,Kendra Wilkinson,Louis van Amstel,Media/TV,1,18.0,3,6.0,-0.2406,0.0,7,0,6
12,2,137,Kendra Wilkinson,Louis van Amstel,Media/TV,1,19.0,3,6.333333333333333,-0.2545,0.33,6,0,6
12,3,137,Kendra Wilkinson,Louis van Amstel,Media/TV,1,23.0,3,7.666666666666667,0.5492,1.33,3,0,6
12,4,137,Kendra Wilkinson,Louis van Amstel,Media/TV,1,18.0,3,6.0,-2.0194,-1.67,9,0,6
12,5,137,Kendra Wilkinson,Louis van Amstel,Media/TV,1,22.0,3,7.333333333333333,-1.0285,1.33,6,0,6
12,6,137,Kendra Wilkinson,Louis van Amstel,Media/TV,1,25.0,3,8.333333333333334,-0.3225,1.0,5,0,6
12,7,137,Kendra Wilkinson,Louis van Amstel,Media/TV,1,30.5,4,7.625,-0.6415,-0.71,4,1,6
13,1,138,Elisabetta Canalis,Valentin Chmerkovskiy,Acting,0,15.0,3,5.0,-1.1368,0.0,11,0,11
13,2,138,Elisabetta Canalis,Valentin Chmerkovskiy,Acting,0,21.0,3,7.0,0.3722,2.0,4,1,11
13,1,139,David Arquette,Kym Johnson,Acting,1,18.0,3,6.0,-0.0307,0.0,6,0,6
13,2,139,David Arquette,Kym Johnson,Acting,1,18.0,3,6.0,-1.1631,0.0,9,0,6
13,3,139,David Arquette,Kym Johnson,Acting,1,24.0,3,8.0,0.1142,2.0,4,0,6
13,4,139,David Arquette,Kym Johnson,Acting,1,23.0,3,7.666666666666667,-0.0765,-0.33,5,0,6
13,5,139,David Arquette,Kym Johnson,Acting,1,25.0,3,8.333333333333334,0.5401,0.67,2,0,6
13,6,139,David Arquette,Kym Johnson,Acting,1,23.0,3,7.666666666666667,-0.1791,-0.67,4,0,6
13,7,139,David Arquette,Kym Johnson,Acting,1,23.5,3,7.833333333333333,-0.575,0.17,5,1,6
13,1,140,Ricki Lake,Derek Hough,Acting,1,20.0,3,6.666666666666667,0.7067,0.0,4,0,3
13,2,140,Ricki Lake,Derek Hough,Acting,1,23.0,3,7.666666666666667,1.3957,1.0,1,0,3
13,3,140,Ricki Lake,Derek Hough,Acting,1,27.0,3,9.0,1.2563,1.33,1,0,3
13,4,140,Ricki Lake,Derek Hough,Acting,1,29.0,3,9.666666666666666,1.9883,0.67,1,0,3
13,5,140,Ricki Lake,Derek Hough,Acting,1,24.0,3,8.0,0.18,-1.67,4,0,3
13,6,140,Ricki Lake,Derek Hough,Acting,1,29.0,3,9.666666666666666,1.3254,1.67,1,0,3
13,7,140,Ricki Lake,Derek Hough,Acting,1,26.5,3,8.833333333333334,1.3068,-0.83,1,0,3
13,8,140,Ricki Lake,Derek Hough,Acting,1,26.0,3,8.666666666666666,0.0352,-0.17,2,0,3
13,9,140,Ricki Lake,Derek Hough,Acting,1,33.4999,3,11.166633333333333,0.9291,2.5,1,0,3
13,10,140,Ricki Lake,Derek Hough,Acting,1,27.999899999999997,3,9.3333,-0.9999,-1.83,3,0,3
13,1,141,J.R. Martinez,Karina Smirnoff,Acting,1,22.0,3,7.333333333333333,1.4441,0.0,1,0,1
13,2,141,J.R. Martinez,Karina Smirnoff,Acting,1,22.0,3,7.333333333333333,0.884,0.0,2,0,1
13,3,141,J.R. Martinez,Karina Smirnoff,Acting,1,26.0,3,8.666666666666666,0.8756,1.33,2,0,1
13,4,141,J.R. Martinez,Karina Smirnoff,Acting,1,26.0,3,8.666666666666666,0.9559,0.0,2,0,1
13,5,141,J.R. Martinez,Karina Smirnoff,Acting,1,28.0,3,9.333333333333334,1.6202,0.67,1,0,1
13,6,141,J.R. Martinez,Karina Smirnoff,Acting,1,29.0,3,9.666666666666666,1.3254,0.33,1,0,1
13,7,141,J.R. Martinez,Karina Smirnoff,Acting,1,24.0,3,8.0,-0.2614,-1.67,4,0,1
13,8,141,J.R. Martinez,Karina Smirnoff,Acting,1,30.0,3,10.0,1.4451,2.0,1,0,1
13,9,141,J.R. Martinez,Karina Smirnoff,Acting,1,28.0,3,9.333333333333334,-0.3896,-0.67,3,0,1
13,10,141,J.R. Martinez,Karina Smirnoff,Acting,1,28.1665,3,9.388833333333334,-0.0002,0.06,2,0,1
13,1,142,Metta World Peace (Ron),Peta Murgatroyd,Sports,1,14.0,3,4.666666666666667,-1.5055,0.0,12,1,12
13,1,143,Hope Solo,Maksim Chmerkoskiy,Sports,1,21.0,3,7.0,1.0754,0.0,3,0,4
13,2,143,Hope Solo,Maksim Chmerkoskiy,Sports,1,19.0,3,6.333333333333333,-0.6513,-0.67,8,0,4
13,3,143,Hope Solo,Maksim Chmerkoskiy,Sports,1,24.0,3,8.0,0.1142,1.67,4,0,4
13,4,143,Hope Solo,Maksim Chmerkoskiy,Sports,1,24.0,3,8.0,0.2677,0.0,3,0,4
13,5,143,Hope Solo,Maksim Chmerkoskiy,Sports,1,24.0,3,8.0,0.18,0.0,4,0,4
13,6,143,Hope Solo,Maksim Chmerkoskiy,Sports,1,20.0,3,6.666666666666667,-0.9313,-1.33,6,0,4
13,7,143,Hope Solo,Maksim Chmerkoskiy,Sports,1,25.0,3,8.333333333333334,0.3659,1.67,3,0,4
13,8,143,Hope Solo,Maksim Chmerkoskiy,Sports,1,26.0,3,8.666666666666666,0.0352,0.33,2,0,4
13,9,143,Hope Solo,Maksim Chmerkoskiy,Sports,1,24.4998,3,8.1666,-1.2288,-0.5,4,1,4
13,1,144,Chynna Phillips,Tony Dovolani,Music,1,22.0,3,7.333333333333333,1.4441,0.0,1,0,9
13,2,144,Chynna Phillips,Tony Dovolani,Music,1,21.0,3,7.0,0.3722,-0.33,4,0,9
13,3,144,Chynna Phillips,Tony Dovolani,Music,1,26.0,3,8.666666666666666,0.8756,1.67,2,0,9
13,4,144,Chynna Phillips,Tony Dovolani,Music,1,21.0,3,7.0,-0.7647,-1.67,6,1,9
13,1,145,Kristin Cavallari,Mark Ballas,Media/TV,1,19.0,3,6.333333333333333,0.338,0.0,5,0,10
13,2,145,Kristin Cavallari,Mark Ballas,Media/TV,1,22.0,3,7.333333333333333,0.884,1.0,2,0,10
13,3,145,Kristin Cavallari,Mark Ballas,Media/TV,1,24.0,3,8.0,0.1142,0.67,4,1,10
13,1,146,Carson Kressley,Anna Trebunskaya,Media/TV,1,17.0,3,5.666666666666667,-0.3994,0.0,7,0,8
13,2,146,Carson Kressley,Anna Trebunskaya,Media/TV,1,18.0,3,6.0,-1.1631,0.33,9,0,8
13,3,146,Carson Kressley,Anna Trebunskaya,Media/TV,1,23.0,3,7.666666666666667,-0.2665,1.67,8,0,8
13,4,146,Carson Kressley,Anna Trebunskaya,Media/TV,1,20.0,3,6.666666666666667,-1.1088,-1.0,9,0,8
13,5,146,Carson Kressley,Anna Trebunskaya,Media/TV,1,19.0,3,6.333333333333333,-1.6202,-0.33,8,1,8
13,1,147,Chaz Bono,Lacey Schwimmer,Media/TV,1,17.0,3,5.666666666666667,-0.3994,0.0,7,0,7
13,2,147,Chaz Bono,Lacey Schwimmer,Media/TV,1,17.0,3,5.666666666666667,-1.6749,0.0,11,0,7
13,3,147,Chaz Bono,Lacey Schwimmer,Media/TV,1,18.0,3,6.0,-2.17,0.33,10,0,7
13,4,147,Chaz Bono,Lacey Schwimmer,Media/TV,1,21.0,3,7.0,-0.7647,1.0,6,0,7
13,5,147,Chaz Bono,Lacey Schwimmer,Media/TV,1,21.0,3,7.0,-0.9001,0.0,7,0,7
13,6,147,Chaz Bono,Lacey Schwimmer,Media/TV,1,19.0,3,6.333333333333333,-1.1821,-0.67,7,1,7
13,1,148,Nancy Grace,Tristan MacManus,Media/TV,1,16.0,3,5.333333333333333,-0.7681,0.0,9,0,5
13,2,148,Nancy Grace,Tristan MacManus,Media/TV,1,21.0,3,7.0,0.3722,1.67,4,0,5
13,3,148,Nancy Grace,Tristan MacManus,Media/TV,1,21.0,3,7.0,-1.0279,0.0,9,0,5
13,4,148,Nancy Grace,Tristan MacManus,Media/TV,1,21.0,3,7.0,-0.7647,0.0,6,0,5
13,5,148,Nancy Grace,Tristan MacManus,Media/TV,1,22.0,3,7.333333333333333,-0.5401,0.33,6,0,5
13,6,148,Nancy Grace,Tristan MacManus,Media/TV,1,24.0,3,8.0,0.0716,0.67,3,0,5
13,7,148,Nancy Grace,Tristan MacManus,Media/TV,1,22.0,3,7.333333333333333,-1.5159,-0.67,6,0,5
13,8,148,Nancy Grace,Tristan MacManus,Media/TV,1,22.0,3,7.333333333333333,-1.3746,0.0,5,1,5
13,1,149,Rob Kardashian,Cheryl Burke,Media/TV,1,16.0,3,5.333333333333333,-0.7681,0.0,9,0,2
13,2,149,Rob Kardashian,Cheryl Burke,Media/TV,1,21.0,3,7.0,0.3722,1.67,4,0,2
13,3,149,Rob Kardashian,Cheryl Burke,Media/TV,1,24.0,3,8.0,0.1142,1.0,4,0,2
13,4,149,Rob Kardashian,Cheryl Burke,Media/TV,1,24.0,3,8.0,0.2677,0.0,3,0,2
13,5,149,Rob Kardashian,Cheryl Burke,Media/TV,1,25.0,3,8.333333333333334,0.5401,0.33,2,0,2
13,6,149,Rob Kardashian,Cheryl Burke,Media/TV,1,22.0,3,7.333333333333333,-0.4299,-1.0,5,0,2
13,7,149,Rob Kardashian,Cheryl Burke,Media/TV,1,25.5,3,8.5,0.6795,1.17,2,0,2
13,8,149,Rob Kardashian,Cheryl Burke,Media/TV,1,25.5,3,8.5,-0.141,0.0,4,0,2
13,9,149,Rob Kardashian,Cheryl Burke,Media/TV,1,32.4998,3,10.833266666666667,0.6893,2.33,2,0,2
13,10,149,Rob Kardashian,Cheryl Burke,Media/TV,1,28.333199999999998,3,9.4444,1.0001,-1.39,1,0,2
14,1,150,William Levy,Cheryl Burke,Acting,0,24.0,3,8.0,0.6966,0.0,3,0,3
14,2,150,William Levy,Cheryl Burke,Acting,0,25.0,3,8.333333333333334,0.8889,0.33,3,0,3
14,3,150,William Levy,Cheryl Burke,Acting,0,28.0,3,9.333333333333334,1.4071,1.0,2,0,3
14,4,150,William Levy,Cheryl Burke,Acting,0,22.0,3,7.333333333333333,-0.551,-2.0,6,0,3
14,5,150,William Levy,Cheryl Burke,Acting,0,29.0,3,9.666666666666666,1.1464,2.33,1,0,3
14,6,150,William Levy,Cheryl Burke,Acting,0,36.0,3,12.0,0.7365,2.33,3,0,3
14,7,150,William Levy,Cheryl Burke,Acting,0,26.5,3,8.833333333333334,0.1875,-3.17,3,0,3
14,8,150,William Levy,Cheryl Burke,Acting,0,28.5,3,9.5,1.1532,0.67,1,0,3
14,9,150,William Levy,Cheryl Burke,Acting,0,29.0,3,9.666666666666666,0.3873,0.17,2,0,3
14,10,150,William Levy,Cheryl Burke,Acting,0,29.666600000000003,3,9.888866666666667,-0.5774,0.22,2,0,3
14,1,151,Jack Wagner,Anna Trebunskaya,Acting,1,23.0,3,7.666666666666667,0.2322,0.0,4,0,11
14,2,151,Jack Wagner,Anna Trebunskaya,Acting,1,21.0,3,7.0,-0.4874,-0.67,8,0,11
14,3,151,Jack Wagner,Anna Trebunskaya,Acting,1,24.0,3,8.0,-0.804,1.0,7,1,11
14,1,152,Sherri Sheperd,Valentin Chmerkovskiy,Acting,1,23.0,3,7.666666666666667,0.2322,0.0,4,0,10
14,2,152,Sherri Sheperd,Valentin Chmerkovskiy,Acting,1,23.0,3,7.666666666666667,0.2007,0.0,6,0,10
14,3,152,Sherri Sheperd,Valentin Chmerkovskiy,Acting,1,24.0,3,8.0,-0.804,0.33,7,0,10
14,4,152,Sherri Sheperd,Valentin Chmerkovskiy,Acting,1,21.0,3,7.0,-0.9748,-1.0,9,1,10
14,1,153,Jaleel White,Kym Johnson,Acting,1,26.0,3,8.666666666666666,1.6255,0.0,1,0,7
14,2,153,Jaleel White,Kym Johnson,Acting,1,22.0,3,7.333333333333333,-0.1434,-1.33,7,0,7
14,3,153,Jaleel White,Kym Johnson,Acting,1,25.0,3,8.333333333333334,-0.2513,1.0,5,0,7
14,4,153,Jaleel White,Kym Johnson,Acting,1,22.0,3,7.333333333333333,-0.551,-1.0,6,0,7
14,5,153,Jaleel White,Kym Johnson,Acting,1,24.0,3,8.0,-0.2479,0.67,6,0,7
14,6,153,Jaleel White,Kym Johnson,Acting,1,36.9998,3,12.333266666666667,0.9328,4.33,2,0,7
14,7,153,Jaleel White,Kym Johnson,Acting,1,25.5,3,8.5,-0.4688,-3.83,6,1,7
14,1,154,Roshon Fegan,Chelsie Hightower,Acting,1,23.0,3,7.666666666666667,0.2322,0.0,4,0,6
14,2,154,Roshon Fegan,Chelsie Hightower,Acting,1,26.0,3,8.666666666666666,1.2329,1.0,1,0,6
14,3,154,Roshon Fegan,Chelsie Hightower,Acting,1,25.0,3,8.333333333333334,-0.2513,-0.33,5,0,6
14,4,154,Roshon Fegan,Chelsie Hightower,Acting,1,26.0,3,8.666666666666666,1.1444,0.33,2,0,6
14,5,154,Roshon Fegan,Chelsie Hightower,Acting,1,26.0,3,8.666666666666666,0.3098,0.0,5,0,6
14,6,154,Roshon Fegan,Chelsie Hightower,Acting,1,27.9998,3,9.333266666666667,-0.8347,0.67,7,0,6
14,7,154,Roshon Fegan,Chelsie Hightower,Acting,1,26.0,3,8.666666666666666,-0.1406,-0.67,5,0,6
14,8,154,Roshon Fegan,Chelsie Hightower,Acting,1,28.0,3,9.333333333333334,0.6919,0.67,2,1,6
14,1,155,Melissa Gilbert,Maksim Chmerkoskiy,Acting,1,20.0,3,6.666666666666667,-1.1611,0.0,10,0,5
14,2,155,Melissa Gilbert,Maksim Chmerkoskiy,Acting,1,20.0,3,6.666666666666667,-0.8315,0.0,10,0,5
14,3,155,Melissa Gilbert,Maksim Chmerkoskiy,Acting,1,24.0,3,8.0,-0.804,1.33,7,0,5
14,4,155,Melissa Gilbert,Maksim Chmerkoskiy,Acting,1,22.0,3,7.333333333333333,-0.551,-0.67,6,0,5
14,5,155,Melissa Gilbert,Maksim Chmerkoskiy,Acting,1,21.0,3,7.0,-1.0844,-0.33,8,0,5
14,6,155,Melissa Gilbert,Maksim Chmerkoskiy,Acting,1,30.0,3,10.0,-0.4419,3.0,5,0,5
14,7,155,Melissa Gilbert,Maksim Chmerkoskiy,Acting,1,23.5,3,7.833333333333333,-1.7815,-2.17,7,0,5
14,8,155,Melissa Gilbert,Maksim Chmerkoskiy,Acting,1,25.5,3,8.5,-1.6144,0.67,6,1,5
14,1,156,Martina Navratilova,Tony Dovolani,Sports,0,20.0,3,6.666666666666667,-1.1611,0.0,10,0,12
14,2,156,Martina Navratilova,Tony Dovolani,Sports,0,17.0,3,5.666666666666667,-1.8637,-1.0,12,1,12
14,1,157,Donald Driver,Peta Murgatroyd,Sports,1,21.0,3,7.0,-0.6966,0.0,8,0,1
14,2,157,Donald Driver,Peta Murgatroyd,Sports,1,24.0,3,8.0,0.5448,1.0,5,0,1
14,3,157,Donald Driver,Peta Murgatroyd,Sports,1,26.0,3,8.666666666666666,0.3015,0.67,4,0,1
14,4,157,Donald Driver,Peta Murgatroyd,Sports,1,27.0,3,9.0,1.5682,0.33,1,0,1
14,5,157,Donald Driver,Peta Murgatroyd,Sports,1,27.0,3,9.0,0.5887,0.0,3,0,1
14,6,157,Donald Driver,Peta Murgatroyd,Sports,1,33.9999,3,11.3333,0.3437,2.33,4,0,1
14,7,157,Donald Driver,Peta Murgatroyd,Sports,1,26.5,3,8.833333333333334,0.1875,-2.5,3,0,1
14,8,157,Donald Driver,Peta Murgatroyd,Sports,1,27.5,3,9.166666666666666,0.2306,0.33,3,0,1
14,9,157,Donald Driver,Peta Murgatroyd,Sports,1,28.5,3,9.5,-0.3873,0.33,3,0,1
14,10,157,Donald Driver,Peta Murgatroyd,Sports,1,29.666600000000003,3,9.888866666666667,-0.5774,0.39,2,0,1
14,1,158,Gavin DeGraw,Karina Smirnoff,Music,1,20.0,3,6.666666666666667,-1.1611,0.0,10,0,9
14,2,158,Gavin DeGraw,Karina Smirnoff,Music,1,21.0,3,7.0,-0.4874,0.33,8,0,9
14,3,158,Gavin DeGraw,Karina Smirnoff,Music,1,24.0,3,8.0,-0.804,1.0,7,0,9
14,4,158,Gavin DeGraw,Karina Smirnoff,Music,1,23.0,3,7.666666666666667,-0.1272,-0.33,5,0,9
14,5,158,Gavin DeGraw,Karina Smirnoff,Music,1,19.0,3,6.333333333333333,-1.6421,-1.33,9,1,9
14,1,159,Gladys Knight,Tristan MacManus,Music,1,23.0,3,7.666666666666667,0.2322,0.0,4,0,8
14,2,159,Gladys Knight,Tristan MacManus,Music,1,19.0,3,6.333333333333333,-1.1756,-1.33,11,0,8
14,3,159,Gladys Knight,Tristan MacManus,Music,1,24.0,3,8.0,-0.804,1.67,7,0,8
14,4,159,Gladys Knight,Tristan MacManus,Music,1,20.0,3,6.666666666666667,-1.3987,-1.33,10,0,8
14,5,159,Gladys Knight,Tristan MacManus,Music,1,22.0,3,7.333333333333333,-0.8055,0.67,7,0,8
14,6,159,Gladys Knight,Tristan MacManus,Music,1,24.0,3,8.0,-1.6202,0.67,8,1,8
14,1,160,Katherine Jenkins,Mark Ballas,Music,0,26.0,3,8.666666666666666,1.6255,0.0,1,0,2
14,2,160,Katherine Jenkins,Mark Ballas,Music,0,26.0,3,8.666666666666666,1.2329,0.0,1,0,2
14,3,160,Katherine Jenkins,Mark Ballas,Music,0,29.0,3,9.666666666666666,1.9598,1.0,1,0,2
14,4,160,Katherine Jenkins,Mark Ballas,Music,0,24.0,3,8.0,0.2967,-1.67,4,0,2
14,5,160,Katherine Jenkins,Mark Ballas,Music,0,29.0,3,9.666666666666666,1.1464,1.67,1,0,2
14,6,160,Katherine Jenkins,Mark Ballas,Music,0,38.9999,3,12.999966666666666,1.3256,3.33,1,0,2
14,7,160,Katherine Jenkins,Mark Ballas,Music,0,27.0,3,9.0,0.5157,-4.0,2,0,2
14,8,160,Katherine Jenkins,Mark Ballas,Music,0,27.5,3,9.166666666666666,0.2306,0.17,3,0,2
14,9,160,Katherine Jenkins,Mark Ballas,Music,0,28.0,3,9.333333333333334,-1.1619,0.17,4,0,2
14,10,160,Katherine Jenkins,Mark Ballas,Music,0,30.0,3,10.0,1.1547,0.67,1,0,2
14,1,161,Maria Menounos,Derek Hough,Media/TV,1,21.0,3,7.0,-0.6966,0.0,8,0,4
14,2,161,Maria Menounos,Derek Hough,Media/TV,1,25.0,3,8.333333333333334,0.8889,1.33,3,0,4
14,3,161,Maria Menounos,Derek Hough,Media/TV,1,27.0,3,9.0,0.8543,0.67,3,0,4
14,4,161,Maria Menounos,Derek Hough,Media/TV,1,26.0,3,8.666666666666666,1.1444,-0.33,2,0,4
14,5,161,Maria Menounos,Derek Hough,Media/TV,1,27.0,3,9.0,0.5887,0.33,3,0,4
14,6,161,Maria Menounos,Derek Hough,Media/TV,1,29.999899999999997,3,9.999966666666666,-0.4419,1.0,6,0,4
14,7,161,Maria Menounos,Derek Hough,Media/TV,1,28.5,3,9.5,1.5002,-0.5,1,0,4
14,8,161,Maria Menounos,Derek Hough,Media/TV,1,26.5,3,8.833333333333334,-0.6919,-0.67,5,0,4
14,9,161,Maria Menounos,Derek Hough,Media/TV,1,29.5,3,9.833333333333334,1.1619,1.0,1,1,4
15,1,162,Gilles Marini,Peta Murgatroyd,Acting,0,24.0,3,8.0,1.3681,0.0,2,0,6
15,2,162,Gilles Marini,Peta Murgatroyd,Acting,0,25.5,3,8.5,1.1443,0.5,2,0,6
15,3,162,Gilles Marini,Peta Murgatroyd,Acting,0,25.5,3,8.5,0.1663,0.0,4,0,6
15,4,162,Gilles Marini,Peta Murgatroyd,Acting,0,39.5,4,9.875,1.1832,1.38,1,0,6
15,5,162,Gilles Marini,Peta Murgatroyd,Acting,0,28.25,3,9.416666666666666,0.4012,-0.46,2,0,6
15,6,162,Gilles Marini,Peta Murgatroyd,Acting,0,27.5,3,9.166666666666666,-0.5401,-0.25,5,0,6
15,7,162,Gilles Marini,Peta Murgatroyd,Acting,0,33.4998,3,11.1666,-0.2931,2.0,5,0,6
15,8,162,Gilles Marini,Peta Murgatroyd,Acting,0,29.2777,3,9.759233333333333,0.5451,-1.41,2,1,6
15,1,163,Sabrina Bryan,Louis van Amstel,Acting,1,22.5,3,7.5,0.6166,0.0,3,0,8
15,2,163,Sabrina Bryan,Louis van Amstel,Acting,1,26.0,3,8.666666666666666,1.3732,1.17,1,0,8
15,3,163,Sabrina Bryan,Louis van Amstel,Acting,1,25.5,3,8.5,0.1663,-0.17,4,0,8
15,4,163,Sabrina Bryan,Louis van Amstel,Acting,1,35.5,4,8.875,-0.0696,0.38,6,0,8
15,5,163,Sabrina Bryan,Louis van Amstel,Acting,1,29.25,3,9.75,1.2572,0.88,1,0,8
15,6,163,Sabrina Bryan,Louis van Amstel,Acting,1,30.0,3,10.0,1.2601,0.25,1,1,8
15,1,164,Kirstie Alley,Maksim Chmerkoskiy,Acting,1,19.0,3,6.333333333333333,-1.1369,0.0,12,0,7
15,2,164,Kirstie Alley,Maksim Chmerkoskiy,Acting,1,21.0,3,7.0,-0.9155,0.67,11,0,7
15,3,164,Kirstie Alley,Maksim Chmerkoskiy,Acting,1,24.0,3,8.0,-0.9312,1.0,9,0,7
15,4,164,Kirstie Alley,Maksim Chmerkoskiy,Acting,1,30.0,4,7.5,-1.7922,-0.5,9,0,7
15,5,164,Kirstie Alley,Maksim Chmerkoskiy,Acting,1,26.25,3,8.75,-1.3107,1.25,7,0,7
15,6,164,Kirstie Alley,Maksim Chmerkoskiy,Acting,1,27.5,3,9.166666666666666,-0.5401,0.42,5,0,7
15,7,164,Kirstie Alley,Maksim Chmerkoskiy,Acting,1,27.999899999999997,3,9.3333,-1.7973,0.17,7,0,7
15,8,164,Kirstie Alley,Maksim Chmerkoskiy,Acting,1,25.5,3,8.5,-1.9986,-0.83,7,1,7
15,1,165,Kelly Monaco,Valentin Chmerkovskiy,Acting,1,21.5,3,7.166666666666667,0.1156,0.0,6,0,3
15,2,165,Kelly Monaco,Valentin Chmerkovskiy,Acting,1,22.0,3,7.333333333333333,-0.4577,0.17,10,0,3
15,3,165,Kelly Monaco,Valentin Chmerkovskiy,Acting,1,27.0,3,9.0,1.2637,1.67,1,0,3
15,4,165,Kelly Monaco,Valentin Chmerkovskiy,Acting,1,37.5,4,9.375,0.5568,0.38,3,0,3
15,5,165,Kelly Monaco,Valentin Chmerkovskiy,Acting,1,25.75,3,8.583333333333334,-1.7386,-0.79,8,0,3
15,6,165,Kelly Monaco,Valentin Chmerkovskiy,Acting,1,27.0,3,9.0,-0.9001,0.42,7,0,3
15,7,165,Kelly Monaco,Valentin Chmerkovskiy,Acting,1,36.0,3,12.0,0.3907,3.0,3,0,3
15,8,165,Kelly Monaco,Valentin Chmerkovskiy,Acting,1,28.3333,3,9.444433333333333,-0.0908,-2.56,5,0,3
15,9,165,Kelly Monaco,Valentin Chmerkovskiy,Acting,1,27.110999999999997,3,9.036999999999999,-0.9921,-0.41,4,0,3
15,10,165,Kelly Monaco,Valentin Chmerkovskiy,Acting,1,29.1109,3,9.703633333333334,-0.095,0.67,2,0,3
15,1,166,Apolo Anton Ohno,Karina Smirnoff,Sports,1,22.0,3,7.333333333333333,0.3661,0.0,4,0,5
15,2,166,Apolo Anton Ohno,Karina Smirnoff,Sports,1,24.5,3,8.166666666666666,0.6866,0.83,4,0,5
15,3,166,Apolo Anton Ohno,Karina Smirnoff,Sports,1,25.5,3,8.5,0.1663,0.33,4,0,5
15,4,166,Apolo Anton Ohno,Karina Smirnoff,Sports,1,34.5,4,8.625,-0.3828,0.12,7,0,5
15,5,166,Apolo Anton Ohno,Karina Smirnoff,Sports,1,28.25,3,9.416666666666666,0.4012,0.79,2,0,5
15,6,166,Apolo Anton Ohno,Karina Smirnoff,Sports,1,30.0,3,10.0,1.2601,0.58,1,0,5
15,7,166,Apolo Anton Ohno,Karina Smirnoff,Sports,1,33.0,3,11.0,-0.4298,1.0,6,0,5
15,8,166,Apolo Anton Ohno,Karina Smirnoff,Sports,1,29.2777,3,9.759233333333333,0.5451,-1.24,2,0,5
15,9,166,Apolo Anton Ohno,Karina Smirnoff,Sports,1,28.610999999999997,3,9.536999999999999,0.3745,-0.22,3,1,5
15,1,167,Emmitt Smith,Cheryl Burke,Sports,1,24.5,3,8.166666666666666,1.6186,0.0,1,0,4
15,2,167,Emmitt Smith,Cheryl Burke,Sports,1,22.5,3,7.5,-0.2289,-0.67,7,0,4
15,3,167,Emmitt Smith,Cheryl Burke,Sports,1,25.0,3,8.333333333333334,-0.1995,0.83,8,0,4
15,4,167,Emmitt Smith,Cheryl Burke,Sports,1,36.0,4,9.0,0.087,0.67,5,0,4
15,5,167,Emmitt Smith,Cheryl Burke,Sports,1,28.0,3,9.333333333333334,0.1872,0.33,6,0,4
15,6,167,Emmitt Smith,Cheryl Burke,Sports,1,26.5,3,8.833333333333334,-1.2601,-0.5,8,0,4
15,7,167,Emmitt Smith,Cheryl Burke,Sports,1,34.4999,3,11.499966666666666,-0.0195,2.67,4,0,4
15,8,167,Emmitt Smith,Cheryl Burke,Sports,1,29.0554,3,9.685133333333333,0.3954,-1.81,4,0,4
15,9,167,Emmitt Smith,Cheryl Burke,Sports,1,27.0,3,9.0,-1.0933,-0.69,5,1,4
15,1,168,Shawn Johnson,Derek Hough,Sports,1,22.0,3,7.333333333333333,0.3661,0.0,4,0,2
15,2,168,Shawn Johnson,Derek Hough,Sports,1,25.0,3,8.333333333333334,0.9155,1.0,3,0,2
15,3,168,Shawn Johnson,Derek Hough,Sports,1,26.5,3,8.833333333333334,0.8979,0.5,3,0,2
15,4,168,Shawn Johnson,Derek Hough,Sports,1,39.5,4,9.875,1.1832,1.04,1,0,2
15,5,168,Shawn Johnson,Derek Hough,Sports,1,28.25,3,9.416666666666666,0.4012,-0.46,2,0,2
15,6,168,Shawn Johnson,Derek Hough,Sports,1,28.0,3,9.333333333333334,-0.18,-0.08,4,0,2
15,7,168,Shawn Johnson,Derek Hough,Sports,1,37.9998,3,12.6666,0.9377,3.33,2,0,2
15,8,168,Shawn Johnson,Derek Hough,Sports,1,27.8333,3,9.277766666666666,-0.4275,-3.39,6,0,2
15,9,168,Shawn Johnson,Derek Hough,Sports,1,29.5,3,9.833333333333334,1.1845,0.56,1,0,2
15,10,168,Shawn Johnson,Derek Hough,Sports,1,28.9443,3,9.6481,-0.9491,-0.19,3,0,2
15,1,169,Pamela Anderson,Tristan MacManus,Model,0,17.0,3,5.666666666666667,-2.1389,0.0,13,1,13
15,1,170,Helio Castroneves,Chelsie Hightower,Sports,0,21.5,3,7.166666666666667,0.1156,0.0,6,0,10
15,2,170,Helio Castroneves,Chelsie Hightower,Sports,0,23.0,3,7.666666666666667,0.0,0.5,6,0,10
15,3,170,Helio Castroneves,Chelsie Hightower,Sports,0,25.5,3,8.5,0.1663,0.83,4,1,10
15,1,171,Joey Fatone,Kym Johnson,Music,1,20.5,3,6.833333333333333,-0.3854,0.0,10,0,12
15,2,171,Joey Fatone,Kym Johnson,Music,1,22.5,3,7.5,-0.2289,0.67,7,1,12
15,1,172,Drew Lachey,Anna Trebunskaya,Music,1,21.5,3,7.166666666666667,0.1156,0.0,6,0,11
15,2,172,Drew Lachey,Anna Trebunskaya,Music,1,22.5,3,7.5,-0.2289,0.33,7,0,11
15,3,172,Drew Lachey,Anna Trebunskaya,Music,1,24.0,3,8.0,-0.9312,0.5,9,1,11
15,1,173,Bristol Palin,Mark Ballas,Media/TV,1,19.5,3,6.5,-0.8864,0.0,11,0,9
15,2,173,Bristol Palin,Mark Ballas,Media/TV,1,18.0,3,6.0,-2.2887,-0.5,12,0,9
15,3,173,Bristol Palin,Mark Ballas,Media/TV,1,22.5,3,7.5,-2.0286,1.5,11,0,9
15,4,173,Bristol Palin,Mark Ballas,Media/TV,1,32.0,4,8.0,-1.1658,0.5,8,1,9
15,1,174,Melissa Rycroft,Tony Dovolani,Media/TV,1,21.0,3,7.0,-0.1349,0.0,9,0,1
15,2,174,Melissa Rycroft,Tony Dovolani,Media/TV,1,23.5,3,7.833333333333333,0.2289,0.83,5,0,1
15,3,174,Melissa Rycroft,Tony Dovolani,Media/TV,1,27.0,3,9.0,1.2637,1.17,1,0,1
15,4,174,Melissa Rycroft,Tony Dovolani,Media/TV,1,37.0,4,9.25,0.4002,0.25,4,0,1
15,5,174,Melissa Rycroft,Tony Dovolani,Media/TV,1,28.25,3,9.416666666666666,0.4012,0.17,2,0,1
15,6,174,Melissa Rycroft,Tony Dovolani,Media/TV,1,29.5,3,9.833333333333334,0.9001,0.42,3,0,1
15,7,174,Melissa Rycroft,Tony Dovolani,Media/TV,1,38.9999,3,12.999966666666666,1.2112,3.17,1,0,1
15,8,174,Melissa Rycroft,Tony Dovolani,Media/TV,1,30.0,3,10.0,1.0314,-3.0,1,0,1
15,9,174,Melissa Rycroft,Tony Dovolani,Media/TV,1,28.7777,3,9.592566666666666,0.5264,-0.41,2,0,1
15,10,174,Melissa Rycroft,Tony Dovolani,Media/TV,1,29.333099999999998,3,9.7777,1.0441,0.19,1,0,1
16,1,175,Ingo Rademacher,Kym Johnson,Acting,0,20.0,3,6.666666666666667,0.3121,0.0,5,0,5
16,2,175,Ingo Rademacher,Kym Johnson,Acting,0,20.0,3,6.666666666666667,-0.0907,0.0,5,0,5
16,3,175,Ingo Rademacher,Kym Johnson,Acting,0,21.0,3,7.0,-0.0963,0.33,6,0,5
16,4,175,Ingo Rademacher,Kym Johnson,Acting,0,23.0,3,7.666666666666667,0.1815,0.67,5,0,5
16,5,175,Ingo Rademacher,Kym Johnson,Acting,0,21.0,3,7.0,-0.5655,-0.67,6,0,5
16,6,175,Ingo Rademacher,Kym Johnson,Acting,0,23.0,3,7.666666666666667,-0.2347,0.67,4,0,5
16,7,175,Ingo Rademacher,Kym Johnson,Acting,0,25.0,3,8.333333333333334,-0.2594,0.67,5,0,5
16,8,175,Ingo Rademacher,Kym Johnson,Acting,0,24.0,3,8.0,-0.6446,-0.33,5,0,5
16,9,175,Ingo Rademacher,Kym Johnson,Acting,0,25.5,3,8.5,-1.572,0.5,5,1,5
16,1,176,Zendaya,Valentin Chmerkovskiy,Acting,1,24.0,3,8.0,1.6738,0.0,1,0,2
16,2,176,Zendaya,Valentin Chmerkovskiy,Acting,1,26.0,3,8.666666666666666,1.5414,0.67,1,0,2
16,3,176,Zendaya,Valentin Chmerkovskiy,Acting,1,25.9998,3,8.6666,1.228,-0.0,1,0,2
16,4,176,Zendaya,Valentin Chmerkovskiy,Acting,1,26.0,3,8.666666666666666,1.0887,0.0,2,0,2
16,5,176,Zendaya,Valentin Chmerkovskiy,Acting,1,29.0,3,9.666666666666666,1.4702,1.0,1,0,2
16,6,176,Zendaya,Valentin Chmerkovskiy,Acting,1,25.5,3,8.5,0.8083,-1.17,3,0,2
16,7,176,Zendaya,Valentin Chmerkovskiy,Acting,1,30.0,3,10.0,0.7493,1.5,2,0,2
16,8,176,Zendaya,Valentin Chmerkovskiy,Acting,1,29.0,3,9.666666666666666,1.0369,-0.33,1,0,2
16,9,176,Zendaya,Valentin Chmerkovskiy,Acting,1,27.5,3,9.166666666666666,-0.4076,-0.5,4,0,2
16,10,176,Zendaya,Valentin Chmerkovskiy,Acting,1,30.0,3,10.0,0.7833,0.83,1,0,2
16,1,177,Dorothy Hamill,Tristan MacManus,Sports,1,21.0,3,7.0,0.6525,0.0,2,0,12
16,2,177,Dorothy Hamill,Tristan MacManus,Sports,1,15.0,3,5.0,-1.4507,-2.0,12,0,12
16,1,178,Victor Ortiz,Lindsay Arnold,Sports,1,18.0,3,6.0,-0.3688,0.0,8,0,8
16,2,178,Victor Ortiz,Lindsay Arnold,Sports,1,18.0,3,6.0,-0.6347,0.0,8,0,8
16,3,178,Victor Ortiz,Lindsay Arnold,Sports,1,23.0,3,7.666666666666667,0.4334,1.67,4,0,8
16,4,178,Victor Ortiz,Lindsay Arnold,Sports,1,18.0,3,6.0,-1.3307,-1.67,9,0,8
16,5,178,Victor Ortiz,Lindsay Arnold,Sports,1,21.0,3,7.0,-0.5655,1.0,6,0,8
16,6,178,Victor Ortiz,Lindsay Arnold,Sports,1,20.0,3,6.666666666666667,-1.4862,-0.33,8,1,8
16,1,179,Alexandra Raisman,Mark Ballas,Sports,1,21.0,3,7.0,0.6525,0.0,2,0,4
16,2,179,Alexandra Raisman,Mark Ballas,Sports,1,24.0,3,8.0,0.9974,1.0,3,0,4
16,3,179,Alexandra Raisman,Mark Ballas,Sports,1,23.0,3,7.666666666666667,0.4334,-0.33,4,0,4
16,4,179,Alexandra Raisman,Mark Ballas,Sports,1,27.0,3,9.0,1.3912,1.33,1,0,4
16,5,179,Alexandra Raisman,Mark Ballas,Sports,1,25.0,3,8.333333333333334,0.4524,-0.67,4,0,4
16,6,179,Alexandra Raisman,Mark Ballas,Sports,1,26.0,3,8.666666666666666,1.0169,0.33,2,0,4
16,7,179,Alexandra Raisman,Mark Ballas,Sports,1,32.0,3,10.666666666666666,1.1528,2.0,1,0,4
16,8,179,Alexandra Raisman,Mark Ballas,Sports,1,28.0,3,9.333333333333334,0.7006,-1.33,2,0,4
16,9,179,Alexandra Raisman,Mark Ballas,Sports,1,29.5,3,9.833333333333334,0.7569,0.5,1,0,4
16,10,179,Alexandra Raisman,Mark Ballas,Sports,1,29.0,3,9.666666666666666,-0.2611,-0.17,3,1,4
16,1,180,Jacoby Jones,Karina Smirnoff,Sports,1,20.0,3,6.666666666666667,0.3121,0.0,5,0,3
16,2,180,Jacoby Jones,Karina Smirnoff,Sports,1,23.0,3,7.666666666666667,0.7254,1.0,4,0,3
16,3,180,Jacoby Jones,Karina Smirnoff,Sports,1,25.9998,3,8.6666,1.228,1.0,1,0,3
16,4,180,Jacoby Jones,Karina Smirnoff,Sports,1,24.0,3,8.0,0.4839,-0.67,4,0,3
16,5,180,Jacoby Jones,Karina Smirnoff,Sports,1,26.0,3,8.666666666666666,0.7068,0.67,3,0,3
16,6,180,Jacoby Jones,Karina Smirnoff,Sports,1,22.5,3,7.5,-0.4433,-1.17,6,0,3
16,7,180,Jacoby Jones,Karina Smirnoff,Sports,1,27.0,3,9.0,0.1441,1.5,4,0,3
16,8,180,Jacoby Jones,Karina Smirnoff,Sports,1,26.0,3,8.666666666666666,0.028,-0.33,4,0,3
16,9,180,Jacoby Jones,Karina Smirnoff,Sports,1,29.5,3,9.833333333333334,0.7569,1.17,1,0,3
16,10,180,Jacoby Jones,Karina Smirnoff,Sports,1,27.999899999999997,3,9.3333,-1.3056,-0.5,4,0,3
16,1,181,D. L. Hughley,Cheryl Burke,Comedy,1,12.0,3,4.0,-2.4114,0.0,12,0,9
16,2,181,D. L. Hughley,Cheryl Burke,Comedy,1,16.0,3,5.333333333333333,-1.1787,1.33,11,0,9
16,3,181,D. L. Hughley,Cheryl Burke,Comedy,1,16.0,3,5.333333333333333,-1.4206,0.0,10,0,9
16,4,181,D. L. Hughley,Cheryl Burke,Comedy,1,21.0,3,7.0,-0.4234,1.67,6,0,9
16,5,181,D. L. Hughley,Cheryl Burke,Comedy,1,18.0,3,6.0,-1.3288,-1.0,8,1,9
16,1,182,Andy Dick,Sharna Burgess,Comedy,1,17.0,3,5.666666666666667,-0.7092,0.0,11,0,7
16,2,182,Andy Dick,Sharna Burgess,Comedy,1,20.0,3,6.666666666666667,-0.0907,1.0,5,0,7
16,3,182,Andy Dick,Sharna Burgess,Comedy,1,18.0,3,6.0,-0.8909,-0.67,9,0,7
16,4,182,Andy Dick,Sharna Burgess,Comedy,1,21.0,3,7.0,-0.4234,1.0,6,0,7
16,5,182,Andy Dick,Sharna Burgess,Comedy,1,18.0,3,6.0,-1.3288,-1.0,8,0,7
16,6,182,Andy Dick,Sharna Burgess,Comedy,1,21.5,3,7.166666666666667,-0.8605,1.17,7,0,7
16,7,182,Andy Dick,Sharna Burgess,Comedy,1,17.0,3,5.666666666666667,-1.8733,-1.5,7,1,7
16,1,183,Wynonna Judd,Tony Dovolani,Music,1,18.0,3,6.0,-0.3688,0.0,8,0,11
16,2,183,Wynonna Judd,Tony Dovolani,Music,1,18.0,3,6.0,-0.6347,0.0,8,0,11
16,3,183,Wynonna Judd,Tony Dovolani,Music,1,15.0,3,5.0,-1.6855,-1.0,11,1,11
16,1,184,Kellie Pickler,Derek Hough,Music,1,21.0,3,7.0,0.6525,0.0,2,0,1
16,2,184,Kellie Pickler,Derek Hough,Music,1,26.0,3,8.666666666666666,1.5414,1.67,1,0,1
16,3,184,Kellie Pickler,Derek Hough,Music,1,25.0,3,8.333333333333334,0.9632,-0.33,3,0,1
16,4,184,Kellie Pickler,Derek Hough,Music,1,26.0,3,8.666666666666666,1.0887,0.33,2,0,1
16,5,184,Kellie Pickler,Derek Hough,Music,1,27.0,3,9.0,0.9613,0.33,2,0,1
16,6,184,Kellie Pickler,Derek Hough,Music,1,27.0,3,9.0,1.4341,0.0,1,0,1
16,7,184,Kellie Pickler,Derek Hough,Music,1,29.0,3,9.666666666666666,0.5476,0.67,3,0,1
16,8,184,Kellie Pickler,Derek Hough,Music,1,27.5,3,9.166666666666666,0.5325,-0.5,3,0,1
16,9,184,Kellie Pickler,Derek Hough,Music,1,29.0,3,9.666666666666666,0.4658,0.5,3,0,1
16,10,184,Kellie Pickler,Derek Hough,Music,1,30.0,3,10.0,0.7833,0.33,1,0,1
16,1,185,Lisa Vanderpump,Gleb Savchenko,Media/TV,0,18.0,3,6.0,-0.3688,0.0,8,0,10
16,2,185,Lisa Vanderpump,Gleb Savchenko,Media/TV,0,18.0,3,6.0,-0.6347,0.0,8,0,10
16,3,185,Lisa Vanderpump,Gleb Savchenko,Media/TV,0,21.0,3,7.0,-0.0963,1.0,6,0,10
16,4,185,Lisa Vanderpump,Gleb Savchenko,Media/TV,0,18.0,3,6.0,-1.3307,-1.0,9,1,10
16,1,186,Sean Lowe,Peta Murgatroyd,Media/TV,1,19.0,3,6.333333333333333,-0.0284,0.0,7,0,6
16,2,186,Sean Lowe,Peta Murgatroyd,Media/TV,1,20.0,3,6.666666666666667,-0.0907,0.33,5,0,6
16,3,186,Sean Lowe,Peta Murgatroyd,Media/TV,1,21.0,3,7.0,-0.0963,0.33,6,0,6
16,4,186,Sean Lowe,Peta Murgatroyd,Media/TV,1,20.0,3,6.666666666666667,-0.7258,-0.33,8,0,6
16,5,186,Sean Lowe,Peta Murgatroyd,Media/TV,1,24.0,3,8.0,0.1979,1.33,5,0,6
16,6,186,Sean Lowe,Peta Murgatroyd,Media/TV,1,23.0,3,7.666666666666667,-0.2347,-0.33,4,0,6
16,7,186,Sean Lowe,Peta Murgatroyd,Media/TV,1,24.0,3,8.0,-0.4611,0.33,6,0,6
16,8,186,Sean Lowe,Peta Murgatroyd,Media/TV,1,21.0,3,7.0,-1.6535,-1.0,6,1,6
17,1,187,Valerie Harper,Tristan MacManus,Acting,1,21.0,3,7.0,-0.0946,0.0,8,0,10
17,2,187,Valerie Harper,Tristan MacManus,Acting,1,19.0,3,6.333333333333333,-1.0416,-0.67,10,0,10
17,3,187,Valerie Harper,Tristan MacManus,Acting,1,16.0,3,5.333333333333333,-1.895,-1.0,10,0,10
17,4,187,Valerie Harper,Tristan MacManus,Acting,1,18.0,3,6.0,-1.9106,0.67,10,1,10
17,1,188,Brant Daugherty,Peta Murgatroyd,Acting,1,22.0,3,7.333333333333333,0.1891,0.0,6,0,7
17,2,188,Brant Daugherty,Peta Murgatroyd,Acting,1,23.0,3,7.666666666666667,0.2741,0.33,7,0,7
17,3,188,Brant Daugherty,Peta Murgatroyd,Acting,1,27.0,3,9.0,1.0075,1.33,1,0,7
17,4,188,Brant Daugherty,Peta Murgatroyd,Acting,1,21.0,3,7.0,-0.905,-2.0,8,0,7
17,5,188,Brant Daugherty,Peta Murgatroyd,Acting,1,27.0,3,9.0,0.4524,2.0,3,0,7
17,6,188,Brant Daugherty,Peta Murgatroyd,Acting,1,31.0,3,10.333333333333334,0.7455,1.33,3,0,7
17,7,188,Brant Daugherty,Peta Murgatroyd,Acting,1,28.5,3,9.5,0.5143,-0.83,3,0,7
17,8,188,Brant Daugherty,Peta Murgatroyd,Acting,1,27.0,3,9.0,-0.1864,-0.5,5,1,7
17,1,189,Elizabeth Berkley Lauren,Valentin Chmerkovskiy,Acting,1,24.0,3,8.0,0.7565,0.0,2,0,6
17,2,189,Elizabeth Berkley Lauren,Valentin Chmerkovskiy,Acting,1,25.0,3,8.333333333333334,0.932,0.33,2,0,6
17,3,189,Elizabeth Berkley Lauren,Valentin Chmerkovskiy,Acting,1,25.0,3,8.333333333333334,0.4797,0.0,4,0,6
17,4,189,Elizabeth Berkley Lauren,Valentin Chmerkovskiy,Acting,1,27.0,3,9.0,1.1062,0.67,1,0,6
17,5,189,Elizabeth Berkley Lauren,Valentin Chmerkovskiy,Acting,1,26.0,3,8.666666666666666,-0.0565,-0.33,6,0,6
17,6,189,Elizabeth Berkley Lauren,Valentin Chmerkovskiy,Acting,1,31.9998,3,10.6666,1.0963,2.0,2,0,6
17,7,189,Elizabeth Berkley Lauren,Valentin Chmerkovskiy,Acting,1,27.0,3,9.0,-0.4352,-1.67,5,0,6
17,8,189,Elizabeth Berkley Lauren,Valentin Chmerkovskiy,Acting,1,25.0,3,8.333333333333334,-1.0563,-0.67,6,0,6
17,9,189,Elizabeth Berkley Lauren,Valentin Chmerkovskiy,Acting,1,28.0,3,9.333333333333334,0.6197,1.0,2,1,6
17,1,190,Leah Remini,Tony Dovolani,Acting,1,21.0,3,7.0,-0.0946,0.0,8,0,5
17,2,190,Leah Remini,Tony Dovolani,Acting,1,24.0,3,8.0,0.603,1.0,4,0,5
17,3,190,Leah Remini,Tony Dovolani,Acting,1,24.0,3,8.0,0.2159,0.0,6,0,5
17,4,190,Leah Remini,Tony Dovolani,Acting,1,24.0,3,8.0,0.1006,0.0,4,0,5
17,5,190,Leah Remini,Tony Dovolani,Acting,1,22.0,3,7.333333333333333,-2.0922,-0.67,9,0,5
17,6,190,Leah Remini,Tony Dovolani,Acting,1,27.999899999999997,3,9.3333,-0.307,2.0,5,0,5
17,7,190,Leah Remini,Tony Dovolani,Acting,1,26.5,3,8.833333333333334,-0.7517,-0.5,7,0,5
17,8,190,Leah Remini,Tony Dovolani,Acting,1,28.0,3,9.333333333333334,0.2485,0.5,3,0,5
17,9,190,Leah Remini,Tony Dovolani,Acting,1,27.0,3,9.0,0.2656,-0.33,3,0,5
17,10,190,Leah Remini,Tony Dovolani,Acting,1,32.5,4,8.125,-0.6565,-0.88,4,1,5
17,1,191,Corbin Bleu,Karina Smirnoff,Acting,1,24.0,3,8.0,0.7565,0.0,2,0,2
17,2,191,Corbin Bleu,Karina Smirnoff,Acting,1,26.0,3,8.666666666666666,1.2609,0.67,1,0,2
17,3,191,Corbin Bleu,Karina Smirnoff,Acting,1,26.0,3,8.666666666666666,0.7436,0.0,2,0,2
17,4,191,Corbin Bleu,Karina Smirnoff,Acting,1,27.0,3,9.0,1.1062,0.33,1,0,2
17,5,191,Corbin Bleu,Karina Smirnoff,Acting,1,28.0,3,9.333333333333334,0.9613,0.33,1,0,2
17,6,191,Corbin Bleu,Karina Smirnoff,Acting,1,26.999899999999997,3,8.999966666666666,-0.6578,-0.33,6,0,2
17,7,191,Corbin Bleu,Karina Smirnoff,Acting,1,29.5,3,9.833333333333334,1.1474,0.83,1,0,2
17,8,191,Corbin Bleu,Karina Smirnoff,Acting,1,30.0,3,10.0,1.1185,0.17,1,0,2
17,9,191,Corbin Bleu,Karina Smirnoff,Acting,1,29.0,3,9.666666666666666,0.9738,-0.33,1,0,2
17,10,191,Corbin Bleu,Karina Smirnoff,Acting,1,37.5,4,9.375,0.6565,-0.29,2,0,2
17,11,191,Corbin Bleu,Karina Smirnoff,Acting,1,29.6664,3,9.8888,0.4186,0.51,2,0,2
17,1,192,Amber Riley,Derek Hough,Acting,1,27.0,3,9.0,1.6077,0.0,1,0,1
17,2,192,Amber Riley,Derek Hough,Acting,1,24.0,3,8.0,0.603,-1.0,4,0,1
17,3,192,Amber Riley,Derek Hough,Acting,1,24.0,3,8.0,0.2159,0.0,6,0,1
17,4,192,Amber Riley,Derek Hough,Acting,1,27.0,3,9.0,1.1062,1.0,1,0,1
17,5,192,Amber Riley,Derek Hough,Acting,1,26.0,3,8.666666666666666,-0.0565,-0.33,6,0,1
17,6,192,Amber Riley,Derek Hough,Acting,1,31.999899999999997,3,10.666633333333333,1.0963,2.0,1,0,1
17,7,192,Amber Riley,Derek Hough,Acting,1,29.5,3,9.833333333333334,1.1474,-0.83,1,0,1
17,8,192,Amber Riley,Derek Hough,Acting,1,28.0,3,9.333333333333334,0.2485,-0.5,3,0,1
17,9,192,Amber Riley,Derek Hough,Acting,1,25.5,3,8.5,-0.2656,-0.83,5,0,1
17,10,192,Amber Riley,Derek Hough,Acting,1,39.5,4,9.875,1.1818,1.38,1,0,1
17,11,192,Amber Riley,Derek Hough,Acting,1,31.333199999999998,3,10.4444,1.0884,0.57,1,0,1
17,1,193,Keyshawn Johnson,Sharna Burgess,Sports,1,17.0,3,5.666666666666667,-1.2294,0.0,11,0,12
17,2,193,Keyshawn Johnson,Sharna Burgess,Sports,1,18.0,3,6.0,-1.3706,0.33,11,1,12
17,1,194,Bill Engvall,Emma Slater,Comedy,1,18.0,3,6.0,-0.9457,0.0,10,0,4
17,2,194,Bill Engvall,Emma Slater,Comedy,1,21.0,3,7.0,-0.3838,1.0,8,0,4
17,3,194,Bill Engvall,Emma Slater,Comedy,1,24.0,3,8.0,0.2159,1.0,6,0,4
17,4,194,Bill Engvall,Emma Slater,Comedy,1,21.0,3,7.0,-0.905,-1.0,8,0,4
17,5,194,Bill Engvall,Emma Slater,Comedy,1,24.0,3,8.0,-1.0744,1.0,8,0,4
17,6,194,Bill Engvall,Emma Slater,Comedy,1,23.9999,3,7.9999666666666664,-1.7103,-0.0,8,0,4
17,7,194,Bill Engvall,Emma Slater,Comedy,1,25.0,3,8.333333333333334,-1.7012,0.33,8,0,4
17,8,194,Bill Engvall,Emma Slater,Comedy,1,24.0,3,8.0,-1.4913,-0.33,7,0,4
17,9,194,Bill Engvall,Emma Slater,Comedy,1,21.0,3,7.0,-1.8591,-1.0,6,0,4
17,10,194,Bill Engvall,Emma Slater,Comedy,1,30.0,4,7.5,-1.3131,0.5,5,0,4
17,11,194,Bill Engvall,Emma Slater,Comedy,1,25.499899999999997,3,8.499966666666666,-1.2558,1.0,4,1,4
17,1,195,Christina Milian,Mark Ballas,Music,1,22.0,3,7.333333333333333,0.1891,0.0,6,0,9
17,2,195,Christina Milian,Mark Ballas,Music,1,25.0,3,8.333333333333334,0.932,1.0,2,0,9
17,3,195,Christina Milian,Mark Ballas,Music,1,26.0,3,8.666666666666666,0.7436,0.33,2,0,9
17,4,195,Christina Milian,Mark Ballas,Music,1,24.0,3,8.0,0.1006,-0.67,4,0,9
17,5,195,Christina Milian,Mark Ballas,Music,1,28.0,3,9.333333333333334,0.9613,1.33,1,1,9
17,1,196,"Nicole ""Snooki"" Polizzi",Sasha Farber,Media/TV,0,23.0,3,7.666666666666667,0.4728,0.0,4,0,8
17,2,196,"Nicole ""Snooki"" Polizzi",Sasha Farber,Media/TV,0,20.0,3,6.666666666666667,-0.7127,-1.0,9,0,8
17,3,196,"Nicole ""Snooki"" Polizzi",Sasha Farber,Media/TV,0,25.0,3,8.333333333333334,0.4797,1.67,4,0,8
17,4,196,"Nicole ""Snooki"" Polizzi",Sasha Farber,Media/TV,0,24.0,3,8.0,0.1006,-0.33,4,0,8
17,5,196,"Nicole ""Snooki"" Polizzi",Sasha Farber,Media/TV,0,27.0,3,9.0,0.4524,1.0,3,0,8
17,6,196,"Nicole ""Snooki"" Polizzi",Sasha Farber,Media/TV,0,30.0,3,10.0,0.3947,1.0,4,0,8
17,7,196,"Nicole ""Snooki"" Polizzi",Sasha Farber,Media/TV,0,27.0,3,9.0,-0.4352,-1.0,5,1,8
17,1,197,Jack Osbourne,Cheryl Burke,Media/TV,0,23.0,3,7.666666666666667,0.4728,0.0,4,0,3
17,2,197,Jack Osbourne,Cheryl Burke,Media/TV,0,24.0,3,8.0,0.603,0.33,4,0,3
17,3,197,Jack Osbourne,Cheryl Burke,Media/TV,0,22.0,3,7.333333333333333,-0.3118,-0.67,9,0,3
17,4,197,Jack Osbourne,Cheryl Burke,Media/TV,0,24.0,3,8.0,0.1006,0.67,4,0,3
17,5,197,Jack Osbourne,Cheryl Burke,Media/TV,0,27.0,3,9.0,0.4524,1.0,3,0,3
17,6,197,Jack Osbourne,Cheryl Burke,Media/TV,0,26.9998,3,8.999933333333335,-0.6578,-0.0,7,0,3
17,7,197,Jack Osbourne,Cheryl Burke,Media/TV,0,28.5,3,9.5,0.5143,0.5,3,0,3
17,8,197,Jack Osbourne,Cheryl Burke,Media/TV,0,30.0,3,10.0,1.1185,0.5,1,0,3
17,9,197,Jack Osbourne,Cheryl Burke,Media/TV,0,27.0,3,9.0,0.2656,-1.0,3,0,3
17,10,197,Jack Osbourne,Cheryl Burke,Media/TV,0,35.5,4,8.875,0.1313,-0.12,3,0,3
17,11,197,Jack Osbourne,Cheryl Burke,Media/TV,0,27.999899999999997,3,9.3333,-0.2511,0.46,3,0,3
17,1,198,Bill Nye,Tyne Stecklein,Media/TV,1,14.0,3,4.666666666666667,-2.0805,0.0,12,0,11
17,2,198,Bill Nye,Tyne Stecklein,Media/TV,1,17.0,3,5.666666666666667,-1.6995,1.0,12,0,11
17,3,198,Bill Nye,Tyne Stecklein,Media/TV,1,16.0,3,5.333333333333333,-1.895,-0.33,10,1,11
18,1,199,Billy Dee Williams,Emma Slater,Acting,1,15.0,3,5.0,-2.0893,0.0,12,0,10
18,2,199,Billy Dee Williams,Emma Slater,Acting,1,15.0,3,5.0,-2.426,0.0,11,0,10
18,1,200,Danica McKellar,Valentin Chmerkovskiy,Acting,1,24.0,3,8.0,0.6625,0.0,3,0,6
18,2,200,Danica McKellar,Valentin Chmerkovskiy,Acting,1,24.0,3,8.0,0.6142,0.0,4,0,6
18,3,200,Danica McKellar,Valentin Chmerkovskiy,Acting,1,36.0,4,9.0,0.4946,1.0,2,0,6
18,4,200,Danica McKellar,Valentin Chmerkovskiy,Acting,1,32.0,4,8.0,-0.3333,-1.0,6,0,6
18,5,200,Danica McKellar,Valentin Chmerkovskiy,Acting,1,39.0,4,9.75,0.9323,1.75,2,0,6
18,6,200,Danica McKellar,Valentin Chmerkovskiy,Acting,1,36.0,4,9.0,0.2617,-0.75,3,0,6
18,7,200,Danica McKellar,Valentin Chmerkovskiy,Acting,1,36.0,4,9.0,-0.074,0.0,4,0,6
18,8,200,Danica McKellar,Valentin Chmerkovskiy,Acting,1,38.0,4,9.5,0.1695,0.5,3,1,6
18,1,201,James Maslow,Peta Murgatroyd,Acting,1,21.0,3,7.0,-0.2548,0.0,7,0,4
18,2,201,James Maslow,Peta Murgatroyd,Acting,1,25.0,3,8.333333333333334,0.952,1.33,1,0,4
18,3,201,James Maslow,Peta Murgatroyd,Acting,1,36.0,4,9.0,0.4946,0.67,2,0,4
18,4,201,James Maslow,Peta Murgatroyd,Acting,1,35.0,4,8.75,0.6667,-0.25,2,0,4
18,5,201,James Maslow,Peta Murgatroyd,Acting,1,40.0,4,10.0,1.2217,1.25,1,0,4
18,6,201,James Maslow,Peta Murgatroyd,Acting,1,35.0,4,8.75,-0.0872,-1.25,5,0,4
18,7,201,James Maslow,Peta Murgatroyd,Acting,1,35.0,4,8.75,-0.5921,0.0,6,0,4
18,8,201,James Maslow,Peta Murgatroyd,Acting,1,36.0,4,9.0,-0.8476,0.25,4,0,4
18,9,201,James Maslow,Peta Murgatroyd,Acting,1,38.0,4,9.5,-0.1348,0.5,3,0,4
18,10,201,James Maslow,Peta Murgatroyd,Acting,1,29.0,3,9.666666666666666,0.1826,0.17,3,1,4
18,1,202,Candace Cameron Bure,Mark Ballas,Acting,1,25.0,3,8.333333333333334,0.9682,0.0,2,0,3
18,2,202,Candace Cameron Bure,Mark Ballas,Acting,1,21.0,3,7.0,-0.3992,-1.33,7,0,3
18,3,202,Candace Cameron Bure,Mark Ballas,Acting,1,32.0,4,8.0,-0.8751,1.0,7,0,3
18,4,202,Candace Cameron Bure,Mark Ballas,Acting,1,28.0,4,7.0,-1.6667,-1.0,9,0,3
18,5,202,Candace Cameron Bure,Mark Ballas,Acting,1,35.0,4,8.75,-0.225,1.75,7,0,3
18,6,202,Candace Cameron Bure,Mark Ballas,Acting,1,32.0,4,8.0,-1.134,-0.75,7,0,3
18,7,202,Candace Cameron Bure,Mark Ballas,Acting,1,37.0,4,9.25,0.444,1.25,3,0,3
18,8,202,Candace Cameron Bure,Mark Ballas,Acting,1,36.0,4,9.0,-0.8476,-0.25,4,0,3
18,9,202,Candace Cameron Bure,Mark Ballas,Acting,1,36.0,4,9.0,-1.4832,0.0,5,0,3
18,10,202,Candace Cameron Bure,Mark Ballas,Acting,1,25.9998,3,8.6666,-1.4606,-0.33,4,0,3
18,1,203,Sean Avery,Karina Smirnoff,Sports,0,20.0,3,6.666666666666667,-0.5605,0.0,10,0,11
18,2,203,Sean Avery,Karina Smirnoff,Sports,0,21.0,3,7.0,-0.3992,0.33,7,1,11
18,1,204,Diana Nyad,Henry Byalikov,Sports,1,18.0,3,6.0,-1.1721,0.0,11,0,12
18,1,205,Charlie White,Sharna Burgess,Sports,1,27.0,3,9.0,1.5797,0.0,1,0,5
18,2,205,Charlie White,Sharna Burgess,Sports,1,25.0,3,8.333333333333334,0.952,-0.67,1,0,5
18,3,205,Charlie White,Sharna Burgess,Sports,1,36.0,4,9.0,0.4946,0.67,2,0,5
18,4,205,Charlie White,Sharna Burgess,Sports,1,33.0,4,8.25,0.0,-0.75,4,0,5
18,5,205,Charlie White,Sharna Burgess,Sports,1,37.0,4,9.25,0.3536,1.0,3,0,5
18,6,205,Charlie White,Sharna Burgess,Sports,1,36.0,4,9.0,0.2617,-0.25,3,0,5
18,7,205,Charlie White,Sharna Burgess,Sports,1,35.5,4,8.875,-0.333,-0.12,5,0,5
18,8,205,Charlie White,Sharna Burgess,Sports,1,40.0,4,10.0,1.1866,1.12,1,0,5
18,9,205,Charlie White,Sharna Burgess,Sports,1,38.0,4,9.5,-0.1348,-0.5,3,1,5
18,1,206,Amy Purdy,Derek Hough,Sports,1,24.0,3,8.0,0.6625,0.0,3,0,2
18,2,206,Amy Purdy,Derek Hough,Sports,1,24.0,3,8.0,0.6142,0.0,4,0,2
18,3,206,Amy Purdy,Derek Hough,Sports,1,36.0,4,9.0,0.4946,1.0,2,0,2
18,4,206,Amy Purdy,Derek Hough,Sports,1,34.0,4,8.5,0.3333,-0.5,3,0,2
18,5,206,Amy Purdy,Derek Hough,Sports,1,37.0,4,9.25,0.3536,0.75,3,0,2
18,6,206,Amy Purdy,Derek Hough,Sports,1,38.0,4,9.5,0.9595,0.25,2,0,2
18,7,206,Amy Purdy,Derek Hough,Sports,1,37.5,4,9.375,0.7031,-0.12,2,0,2
18,8,206,Amy Purdy,Derek Hough,Sports,1,40.0,4,10.0,1.1866,0.62,1,0,2
18,9,206,Amy Purdy,Derek Hough,Sports,1,39.0,4,9.75,0.5394,-0.25,2,0,2
18,10,206,Amy Purdy,Derek Hough,Sports,1,29.666600000000003,3,9.888866666666667,0.5477,0.14,2,0,2
18,1,207,Meryl Davis,Maksim Chmerkoskiy,Sports,1,24.0,3,8.0,0.6625,0.0,3,0,1
18,2,207,Meryl Davis,Maksim Chmerkoskiy,Sports,1,25.0,3,8.333333333333334,0.952,0.33,1,0,1
18,3,207,Meryl Davis,Maksim Chmerkoskiy,Sports,1,39.0,4,9.75,1.5219,1.42,1,0,1
18,4,207,Meryl Davis,Maksim Chmerkoskiy,Sports,1,39.0,4,9.75,2.0,0.0,1,0,1
18,5,207,Meryl Davis,Maksim Chmerkoskiy,Sports,1,36.0,4,9.0,0.0643,-0.75,5,0,1
18,6,207,Meryl Davis,Maksim Chmerkoskiy,Sports,1,40.0,4,10.0,1.6573,1.0,1,0,1
18,7,207,Meryl Davis,Maksim Chmerkoskiy,Sports,1,39.0,4,9.75,1.4801,-0.25,1,0,1
18,8,207,Meryl Davis,Maksim Chmerkoskiy,Sports,1,36.0,4,9.0,-0.8476,-0.75,4,0,1
18,9,207,Meryl Davis,Maksim Chmerkoskiy,Sports,1,40.0,4,10.0,1.2136,1.0,1,0,1
18,10,207,Meryl Davis,Maksim Chmerkoskiy,Sports,1,30.0,3,10.0,0.7303,0.0,1,0,1
18,1,208,Drew Carey,Cheryl Burke,Comedy,1,21.0,3,7.0,-0.2548,0.0,7,0,8
18,2,208,Drew Carey,Cheryl Burke,Comedy,1,21.0,3,7.0,-0.3992,0.0,7,0,8
18,3,208,Drew Carey,Cheryl Burke,Comedy,1,30.0,4,7.5,-1.56,0.5,9,0,8
18,4,208,Drew Carey,Cheryl Burke,Comedy,1,33.0,4,8.25,0.0,0.75,4,0,8
18,5,208,Drew Carey,Cheryl Burke,Comedy,1,28.0,4,7.0,-2.2505,-1.25,9,0,8
18,6,208,Drew Carey,Cheryl Burke,Comedy,1,32.0,4,8.0,-1.134,1.0,7,1,8
18,1,209,Cody Simpson,Witney Carson,Music,0,22.0,3,7.333333333333333,0.051,0.0,6,0,9
18,2,209,Cody Simpson,Witney Carson,Music,0,22.0,3,7.333333333333333,-0.0614,0.0,6,0,9
18,3,209,Cody Simpson,Witney Carson,Music,0,35.0,4,8.75,0.1522,1.42,6,0,9
18,4,209,Cody Simpson,Witney Carson,Music,0,31.0,4,7.75,-0.6667,-1.0,8,0,9
18,5,209,Cody Simpson,Witney Carson,Music,0,34.0,4,8.5,-0.5144,0.75,8,1,9
18,1,210,NeNe Leakes,Tony Dovolani,Media/TV,1,21.0,3,7.0,-0.2548,0.0,7,0,7
18,2,210,NeNe Leakes,Tony Dovolani,Media/TV,1,21.0,3,7.0,-0.3992,0.0,7,0,7
18,3,210,NeNe Leakes,Tony Dovolani,Media/TV,1,31.0,4,7.75,-1.2176,0.75,8,0,7
18,4,210,NeNe Leakes,Tony Dovolani,Media/TV,1,32.0,4,8.0,-0.3333,0.25,6,0,7
18,5,210,NeNe Leakes,Tony Dovolani,Media/TV,1,36.0,4,9.0,0.0643,1.0,5,0,7
18,6,210,NeNe Leakes,Tony Dovolani,Media/TV,1,33.0,4,8.25,-0.7851,-0.75,6,0,7
18,7,210,NeNe Leakes,Tony Dovolani,Media/TV,1,33.0,4,8.25,-1.6281,0.0,7,1,7
19,1,211,Antonio Sabato Jr.,Cheryl Burke,Acting,0,25.0,4,6.25,-0.7751,0.0,10,0,8
19,2,211,Antonio Sabato Jr.,Cheryl Burke,Acting,0,31.0,4,7.75,0.2664,1.5,5,0,8
19,3,211,Antonio Sabato Jr.,Cheryl Burke,Acting,0,29.0,4,7.25,-0.6862,-0.5,8,0,8
19,4,211,Antonio Sabato Jr.,Cheryl Burke,Acting,0,29.0,4,7.25,-0.5179,0.0,6,0,8
19,5,211,Antonio Sabato Jr.,Cheryl Burke,Acting,0,28.0,4,7.0,-0.2312,-0.25,6,0,8
19,6,211,Antonio Sabato Jr.,Cheryl Burke,Acting,0,28.0,4,7.0,-1.2386,0.0,8,0,8
19,7,211,Antonio Sabato Jr.,Cheryl Burke,Acting,0,29.5,4,7.375,-0.8771,0.38,7,1,8
19,1,212,Jonathan Bennett,Allison Holker,Acting,1,30.0,4,7.5,0.2968,0.0,6,0,9
19,2,212,Jonathan Bennett,Allison Holker,Acting,1,30.0,4,7.5,-0.0533,0.0,7,0,9
19,3,212,Jonathan Bennett,Allison Holker,Acting,1,32.0,4,8.0,-0.0202,0.5,4,0,9
19,4,212,Jonathan Bennett,Allison Holker,Acting,1,24.0,4,6.0,-1.381,-2.0,10,0,9
19,5,212,Jonathan Bennett,Allison Holker,Acting,1,24.0,4,6.0,-0.9249,0.0,7,0,9
19,6,212,Jonathan Bennett,Allison Holker,Acting,1,32.0,4,8.0,-0.151,2.0,5,1,9
19,1,213,Lea Thompson,Artem Chigvintsev,Acting,1,32.0,4,8.0,0.7256,0.0,3,0,6
19,2,213,Lea Thompson,Artem Chigvintsev,Acting,1,35.0,4,8.75,1.5449,0.75,1,0,6
19,3,213,Lea Thompson,Artem Chigvintsev,Acting,1,31.0,4,7.75,-0.2422,-1.0,7,0,6
19,4,213,Lea Thompson,Artem Chigvintsev,Acting,1,39.0,4,9.75,1.2084,2.0,2,0,6
19,5,213,Lea Thompson,Artem Chigvintsev,Acting,1,34.0,4,8.5,0.8093,-1.25,2,0,6
19,6,213,Lea Thompson,Artem Chigvintsev,Acting,1,32.0,4,8.0,-0.151,-0.5,5,0,6
19,7,213,Lea Thompson,Artem Chigvintsev,Acting,1,35.0,4,8.75,0.8382,0.75,2,0,6
19,8,213,Lea Thompson,Artem Chigvintsev,Acting,1,32.0,4,8.0,-0.504,-0.75,5,0,6
19,9,213,Lea Thompson,Artem Chigvintsev,Acting,1,35.0,4,8.75,-0.1778,0.75,5,1,6
19,1,214,Janel Parrish,Valentin Chmerkovskiy,Acting,1,29.0,4,7.25,0.0825,0.0,7,0,3
19,2,214,Janel Parrish,Valentin Chmerkovskiy,Acting,1,34.0,4,8.5,1.2253,1.25,2,0,3
19,3,214,Janel Parrish,Valentin Chmerkovskiy,Acting,1,40.0,4,10.0,1.7558,1.5,1,0,3
19,4,214,Janel Parrish,Valentin Chmerkovskiy,Acting,1,36.0,4,9.0,0.6905,-1.0,4,0,3
19,5,214,Janel Parrish,Valentin Chmerkovskiy,Acting,1,33.0,4,8.25,0.6359,-0.75,4,0,3
19,6,214,Janel Parrish,Valentin Chmerkovskiy,Acting,1,33.0,4,8.25,0.1208,0.0,4,0,3
19,7,214,Janel Parrish,Valentin Chmerkovskiy,Acting,1,33.5,4,8.375,0.3703,0.12,4,0,3
19,8,214,Janel Parrish,Valentin Chmerkovskiy,Acting,1,43.0,4,10.75,1.1129,2.38,1,0,3
19,9,214,Janel Parrish,Valentin Chmerkovskiy,Acting,1,38.5,4,9.625,0.7554,-1.12,1,0,3
19,10,214,Janel Parrish,Valentin Chmerkovskiy,Acting,1,39.0,4,9.75,0.7906,0.12,1,0,3
19,11,214,Janel Parrish,Valentin Chmerkovskiy,Acting,1,38.9998,4,9.74995,-0.1001,-0.0,3,0,3
19,1,215,Alfonso Ribeiro,Witney Carson,Acting,1,36.0,4,9.0,1.5832,0.0,1,0,1
19,2,215,Alfonso Ribeiro,Witney Carson,Acting,1,32.0,4,8.0,0.586,-1.0,4,0,1
19,3,215,Alfonso Ribeiro,Witney Carson,Acting,1,32.0,4,8.0,-0.0202,0.0,4,0,1
19,4,215,Alfonso Ribeiro,Witney Carson,Acting,1,40.0,4,10.0,1.381,2.0,1,0,1
19,5,215,Alfonso Ribeiro,Witney Carson,Acting,1,34.0,4,8.5,0.8093,-1.5,2,0,1
19,6,215,Alfonso Ribeiro,Witney Carson,Acting,1,39.0,4,9.75,1.7522,1.25,1,0,1
19,7,215,Alfonso Ribeiro,Witney Carson,Acting,1,34.0,4,8.5,0.5263,-1.25,3,0,1
19,8,215,Alfonso Ribeiro,Witney Carson,Acting,1,41.0,4,10.25,0.8189,1.75,2,0,1
19,9,215,Alfonso Ribeiro,Witney Carson,Acting,1,38.5,4,9.625,0.7554,-0.62,1,0,1
19,10,215,Alfonso Ribeiro,Witney Carson,Acting,1,37.5,4,9.375,0.3162,-0.25,3,0,1
19,11,215,Alfonso Ribeiro,Witney Carson,Acting,1,40.0,4,10.0,1.1001,0.62,1,0,1
19,1,216,Lolo Jones,Keo Motsepe,Sports,1,22.0,4,5.5,-1.4183,0.0,12,1,13
19,1,217,Randy Couture,Karina Smirnoff,Sports,1,31.0,4,7.75,0.5112,0.0,5,0,11
19,2,217,Randy Couture,Karina Smirnoff,Sports,1,28.0,4,7.0,-0.6925,-0.75,8,0,11
19,3,217,Randy Couture,Karina Smirnoff,Sports,1,26.0,4,6.5,-1.3522,-0.5,11,1,11
19,1,218,Tommy Chong,Peta Murgatroyd,Comedy,0,27.0,4,6.75,-0.3463,0.0,9,0,5
19,2,218,Tommy Chong,Peta Murgatroyd,Comedy,0,28.0,4,7.0,-0.6925,0.25,8,0,5
19,3,218,Tommy Chong,Peta Murgatroyd,Comedy,0,34.0,4,8.5,0.4238,1.5,3,0,5
19,4,218,Tommy Chong,Peta Murgatroyd,Comedy,0,28.0,4,7.0,-0.6905,-1.5,8,0,5
19,5,218,Tommy Chong,Peta Murgatroyd,Comedy,0,23.0,4,5.75,-1.0983,-1.25,8,0,5
19,6,218,Tommy Chong,Peta Murgatroyd,Comedy,0,28.0,4,7.0,-1.2386,1.25,8,0,5
19,7,218,Tommy Chong,Peta Murgatroyd,Comedy,0,30.0,4,7.5,-0.7212,0.5,6,0,5
19,8,218,Tommy Chong,Peta Murgatroyd,Comedy,0,29.0,4,7.25,-0.9449,-0.25,6,0,5
19,9,218,Tommy Chong,Peta Murgatroyd,Comedy,0,28.5,4,7.125,-1.9108,-0.12,6,0,5
19,10,218,Tommy Chong,Peta Murgatroyd,Comedy,0,31.0,4,7.75,-1.7393,0.62,5,1,5
19,1,219,Betsey Johnson,Tony Dovolani,Other,1,20.0,4,5.0,-1.8471,0.0,13,0,10
19,2,219,Betsey Johnson,Tony Dovolani,Other,1,28.0,4,7.0,-0.6925,2.0,8,0,10
19,3,219,Betsey Johnson,Tony Dovolani,Other,1,29.0,4,7.25,-0.6862,0.25,8,0,10
19,4,219,Betsey Johnson,Tony Dovolani,Other,1,29.0,4,7.25,-0.5179,0.0,6,1,10
19,1,220,Michael Waltrip,Emma Slater,Sports,1,25.0,4,6.25,-0.7751,0.0,10,0,7
19,2,220,Michael Waltrip,Emma Slater,Sports,1,24.0,4,6.0,-1.9711,-0.25,12,0,7
19,3,220,Michael Waltrip,Emma Slater,Sports,1,28.0,4,7.0,-0.9082,1.0,10,0,7
19,4,220,Michael Waltrip,Emma Slater,Sports,1,25.0,4,6.25,-1.2084,-0.75,9,0,7
19,5,220,Michael Waltrip,Emma Slater,Sports,1,20.0,4,5.0,-1.6186,-1.25,9,0,7
19,6,220,Michael Waltrip,Emma Slater,Sports,1,30.0,4,7.5,-0.6948,2.5,7,0,7
19,7,220,Michael Waltrip,Emma Slater,Sports,1,28.0,4,7.0,-1.345,-0.5,8,0,7
19,8,220,Michael Waltrip,Emma Slater,Sports,1,25.0,4,6.25,-1.5329,-0.75,7,1,7
19,1,221,Tavis Smiley,Sharna Burgess,Media/TV,1,29.0,4,7.25,0.0825,0.0,7,0,12
19,2,221,Tavis Smiley,Sharna Burgess,Media/TV,1,28.0,4,7.0,-0.6925,-0.25,8,1,12
19,1,222,Bethany Mota,Derek Hough,Media/TV,1,32.0,4,8.0,0.7256,0.0,3,0,4
19,2,222,Bethany Mota,Derek Hough,Media/TV,1,33.0,4,8.25,0.9056,0.25,3,0,4
19,3,222,Bethany Mota,Derek Hough,Media/TV,1,40.0,4,10.0,1.7558,1.75,1,0,4
19,4,222,Bethany Mota,Derek Hough,Media/TV,1,33.0,4,8.25,0.1726,-1.75,5,0,4
19,5,222,Bethany Mota,Derek Hough,Media/TV,1,32.0,4,8.0,0.4625,-0.25,5,0,4
19,6,222,Bethany Mota,Derek Hough,Media/TV,1,36.0,4,9.0,0.9365,1.0,2,0,4
19,7,222,Bethany Mota,Derek Hough,Media/TV,1,37.5,4,9.375,1.6178,0.38,1,0,4
19,8,222,Bethany Mota,Derek Hough,Media/TV,1,40.0,4,10.0,0.6719,0.62,3,0,4
19,9,222,Bethany Mota,Derek Hough,Media/TV,1,37.0,4,9.25,0.3555,-0.75,3,0,4
19,10,222,Bethany Mota,Derek Hough,Media/TV,1,38.0,4,9.5,0.4743,0.25,2,0,4
19,11,222,Bethany Mota,Derek Hough,Media/TV,1,38.0,4,9.5,-1.2999,0.0,4,1,4
19,1,223,Sadie Robertson,Mark Ballas,Media/TV,1,34.0,4,8.5,1.1544,0.0,2,0,2
19,2,223,Sadie Robertson,Mark Ballas,Media/TV,1,31.0,4,7.75,0.2664,-0.75,5,0,2
19,3,223,Sadie Robertson,Mark Ballas,Media/TV,1,32.0,4,8.0,-0.0202,0.25,4,0,2
19,4,223,Sadie Robertson,Mark Ballas,Media/TV,1,37.0,4,9.25,0.8632,1.25,3,0,2
19,5,223,Sadie Robertson,Mark Ballas,Media/TV,1,36.0,4,9.0,1.1561,-0.25,1,0,2
19,6,223,Sadie Robertson,Mark Ballas,Media/TV,1,35.0,4,8.75,0.6646,-0.25,3,0,2
19,7,223,Sadie Robertson,Mark Ballas,Media/TV,1,31.0,4,7.75,-0.4093,-1.0,5,0,2
19,8,223,Sadie Robertson,Mark Ballas,Media/TV,1,38.0,4,9.5,0.378,1.75,4,0,2
19,9,223,Sadie Robertson,Mark Ballas,Media/TV,1,36.5,4,9.125,0.2222,-0.38,4,0,2
19,10,223,Sadie Robertson,Mark Ballas,Media/TV,1,37.0,4,9.25,0.1581,0.12,4,0,2
19,11,223,Sadie Robertson,Mark Ballas,Media/TV,1,39.333200000000005,4,9.833300000000001,0.2999,0.58,2,0,2
20,1,224,Suzanne Somers,Tony Dovolani,Acting,1,25.0,4,6.25,-0.468,0.0,8,0,9
20,2,224,Suzanne Somers,Tony Dovolani,Acting,1,28.0,4,7.0,-0.2598,0.75,6,0,9
20,3,224,Suzanne Somers,Tony Dovolani,Acting,1,25.0,4,6.25,-0.749,-0.75,8,0,9
20,4,224,Suzanne Somers,Tony Dovolani,Acting,1,28.0,4,7.0,-1.1909,0.75,9,0,9
20,5,224,Suzanne Somers,Tony Dovolani,Acting,1,28.0,4,7.0,-0.5949,0.0,5,1,9
20,1,225,Willow Shields,Mark Ballas,Acting,1,25.0,4,6.25,-0.468,0.0,8,0,7
20,2,225,Willow Shields,Mark Ballas,Acting,1,32.0,4,8.0,0.874,1.75,2,0,7
20,3,225,Willow Shields,Mark Ballas,Acting,1,32.0,4,8.0,0.7687,0.0,4,0,7
20,4,225,Willow Shields,Mark Ballas,Acting,1,39.0,4,9.75,1.7202,1.75,1,0,7
20,5,225,Willow Shields,Mark Ballas,Acting,1,34.0,4,8.5,0.4413,-1.25,4,0,7
20,6,225,Willow Shields,Mark Ballas,Acting,1,36.5,4,9.125,0.7246,0.62,2,0,7
20,7,225,Willow Shields,Mark Ballas,Acting,1,39.0,4,9.75,0.7031,0.62,2,1,7
20,1,226,Riker Lynch,Allison Holker,Acting,1,31.0,4,7.75,1.404,0.0,2,0,2
20,2,226,Riker Lynch,Allison Holker,Acting,1,32.0,4,8.0,0.874,0.25,2,0,2
20,3,226,Riker Lynch,Allison Holker,Acting,1,34.0,4,8.5,1.2023,0.5,1,0,2
20,4,226,Riker Lynch,Allison Holker,Acting,1,34.0,4,8.5,0.397,0.0,4,0,2
20,5,226,Riker Lynch,Allison Holker,Acting,1,38.0,4,9.5,1.1322,1.0,2,0,2
20,6,226,Riker Lynch,Allison Holker,Acting,1,38.0,4,9.5,1.6907,0.0,1,0,2
20,7,226,Riker Lynch,Allison Holker,Acting,1,37.0,4,9.25,0.185,-0.25,4,0,2
20,8,226,Riker Lynch,Allison Holker,Acting,1,39.0,4,9.75,0.8996,0.5,2,0,2
20,9,226,Riker Lynch,Allison Holker,Acting,1,40.0,4,10.0,0.7833,0.25,1,0,2
20,10,226,Riker Lynch,Allison Holker,Acting,1,40.0,4,10.0,0.5774,0.0,1,0,2
20,1,227,Rumer Willis,Valentin Chmerkovskiy,Acting,1,32.0,4,8.0,1.716,0.0,1,0,1
20,2,227,Rumer Willis,Valentin Chmerkovskiy,Acting,1,32.0,4,8.0,0.874,0.0,2,0,1
20,3,227,Rumer Willis,Valentin Chmerkovskiy,Acting,1,33.0,4,8.25,0.9855,0.25,3,0,1
20,4,227,Rumer Willis,Valentin Chmerkovskiy,Acting,1,35.0,4,8.75,0.6616,0.5,3,0,1
20,5,227,Rumer Willis,Valentin Chmerkovskiy,Acting,1,39.0,4,9.75,1.3049,1.0,1,0,1
20,6,227,Rumer Willis,Valentin Chmerkovskiy,Acting,1,35.5,4,8.875,0.0805,-0.88,4,0,1
20,7,227,Rumer Willis,Valentin Chmerkovskiy,Acting,1,37.0,4,9.25,0.185,0.38,4,0,1
20,8,227,Rumer Willis,Valentin Chmerkovskiy,Acting,1,40.0,4,10.0,1.1395,0.75,1,0,1
20,9,227,Rumer Willis,Valentin Chmerkovskiy,Acting,1,39.0,4,9.75,-0.2611,-0.25,3,0,1
20,10,227,Rumer Willis,Valentin Chmerkovskiy,Acting,1,40.0,4,10.0,0.5774,0.25,1,0,1
20,1,228,Nastia Liukin,Derek Hough,Sports,0,30.0,4,7.5,1.092,0.0,3,0,4
20,2,228,Nastia Liukin,Derek Hough,Sports,0,34.0,4,8.5,1.4408,1.0,1,0,4
20,3,228,Nastia Liukin,Derek Hough,Sports,0,34.0,4,8.5,1.2023,0.0,1,0,4
20,4,228,Nastia Liukin,Derek Hough,Sports,0,36.0,4,9.0,0.9263,0.5,2,0,4
20,5,228,Nastia Liukin,Derek Hough,Sports,0,38.0,4,9.5,1.1322,0.5,2,0,4
20,6,228,Nastia Liukin,Derek Hough,Sports,0,36.5,4,9.125,0.7246,-0.38,2,0,4
20,7,228,Nastia Liukin,Derek Hough,Sports,0,41.0,4,10.25,1.2211,1.12,1,0,4
20,8,228,Nastia Liukin,Derek Hough,Sports,0,38.0,4,9.5,0.6597,-0.75,3,0,4
20,9,228,Nastia Liukin,Derek Hough,Sports,0,40.0,4,10.0,0.7833,0.5,1,1,4
20,1,229,Michael Sam,Peta Murgatroyd,Sports,1,26.0,4,6.5,-0.156,0.0,5,0,10
20,2,229,Michael Sam,Peta Murgatroyd,Sports,1,28.0,4,7.0,-0.2598,0.5,6,0,10
20,3,229,Michael Sam,Peta Murgatroyd,Sports,1,24.0,4,6.0,-0.9658,-1.0,9,0,10
20,4,229,Michael Sam,Peta Murgatroyd,Sports,1,30.0,4,7.5,-0.6616,1.5,7,1,10
20,1,230,Robert Herjavec,Kym Johnson,Other,0,28.0,4,7.0,0.468,0.0,4,0,6
20,2,230,Robert Herjavec,Kym Johnson,Other,0,28.0,4,7.0,-0.2598,0.0,6,0,6
20,3,230,Robert Herjavec,Kym Johnson,Other,0,29.0,4,7.25,0.1183,0.25,6,0,6
20,4,230,Robert Herjavec,Kym Johnson,Other,0,34.0,4,8.5,0.397,1.25,4,0,6
20,5,230,Robert Herjavec,Kym Johnson,Other,0,24.0,4,6.0,-1.2857,-2.5,9,0,6
20,6,230,Robert Herjavec,Kym Johnson,Other,0,33.5,4,8.375,-1.2076,2.38,8,0,6
20,7,230,Robert Herjavec,Kym Johnson,Other,0,31.0,4,7.75,-1.3691,-0.62,6,0,6
20,8,230,Robert Herjavec,Kym Johnson,Other,0,31.0,4,7.75,-1.0196,0.0,6,1,6
20,1,231,Charlotte McKinney,Keo Motsepe,Model,1,22.0,4,5.5,-1.404,0.0,11,0,11
20,2,231,Charlotte McKinney,Keo Motsepe,Model,1,26.0,4,6.5,-0.8267,1.0,11,0,11
20,3,231,Charlotte McKinney,Keo Motsepe,Model,1,22.0,4,5.5,-1.3994,-1.0,10,1,11
20,1,232,Noah Galloway,Sharna Burgess,Other,1,26.0,4,6.5,-0.156,0.0,5,0,3
20,2,232,Noah Galloway,Sharna Burgess,Other,1,27.0,4,6.75,-0.5433,0.25,10,0,3
20,3,232,Noah Galloway,Sharna Burgess,Other,1,30.0,4,7.5,0.3351,0.75,5,0,3
20,4,232,Noah Galloway,Sharna Burgess,Other,1,32.0,4,8.0,-0.1323,0.5,6,0,3
20,5,232,Noah Galloway,Sharna Burgess,Other,1,28.0,4,7.0,-0.5949,-1.0,5,0,3
20,6,232,Noah Galloway,Sharna Burgess,Other,1,34.0,4,8.5,-0.8856,1.5,6,0,3
20,7,232,Noah Galloway,Sharna Burgess,Other,1,38.0,4,9.5,0.444,1.0,3,0,3
20,8,232,Noah Galloway,Sharna Burgess,Other,1,31.5,4,7.875,-0.8996,-1.62,5,0,3
20,9,232,Noah Galloway,Sharna Burgess,Other,1,38.0,4,9.5,-1.3056,1.62,4,0,3
20,10,232,Noah Galloway,Sharna Burgess,Other,1,36.0,4,9.0,-1.1547,-0.5,3,0,3
20,1,233,Redfoo,Emma Slater,Music,1,22.0,4,5.5,-1.404,0.0,11,0,12
20,2,233,Redfoo,Emma Slater,Music,1,31.0,4,7.75,0.5905,2.25,5,1,12
20,1,234,Patti LaBelle,Artem Chigvintsev,Music,1,25.0,4,6.25,-0.468,0.0,8,0,8
20,2,234,Patti LaBelle,Artem Chigvintsev,Music,1,28.0,4,7.0,-0.2598,0.75,6,0,8
20,3,234,Patti LaBelle,Artem Chigvintsev,Music,1,22.0,4,5.5,-1.3994,-1.5,10,0,8
20,4,234,Patti LaBelle,Artem Chigvintsev,Music,1,30.0,4,7.5,-0.6616,2.0,7,0,8
20,5,234,Patti LaBelle,Artem Chigvintsev,Music,1,27.0,4,6.75,-0.7676,-0.75,7,0,8
20,6,234,Patti LaBelle,Artem Chigvintsev,Music,1,34.0,4,8.5,-0.8856,1.75,6,1,8
20,1,235,Chris Soules,Witney Carson,Media/TV,1,26.0,4,6.5,-0.156,0.0,5,0,5
20,2,235,Chris Soules,Witney Carson,Media/TV,1,21.0,4,5.25,-2.2439,-1.25,12,0,5
20,3,235,Chris Soules,Witney Carson,Media/TV,1,28.0,4,7.0,-0.0986,1.75,7,0,5
20,4,235,Chris Soules,Witney Carson,Media/TV,1,27.0,4,6.75,-1.4556,-0.25,10,0,5
20,5,235,Chris Soules,Witney Carson,Media/TV,1,27.0,4,6.75,-0.7676,0.0,7,0,5
20,6,235,Chris Soules,Witney Carson,Media/TV,1,35.0,4,8.75,-0.2415,2.0,5,0,5
20,7,235,Chris Soules,Witney Carson,Media/TV,1,31.0,4,7.75,-1.3691,-1.0,6,0,5
20,8,235,Chris Soules,Witney Carson,Media/TV,1,32.0,4,8.0,-0.7797,0.25,4,1,5
21,1,236,Gary Busey,Anna Trebunskaya,Acting,1,15.0,3,5.0,-0.9454,0.0,9,0,10
21,2,236,Gary Busey,Anna Trebunskaya,Acting,1,16.5,3,5.5,-1.4243,0.5,12,0,10
21,3,236,Gary Busey,Anna Trebunskaya,Acting,1,25.0,4,6.25,-1.1162,0.75,9,0,10
21,4,236,Gary Busey,Anna Trebunskaya,Acting,1,16.0,3,5.333333333333333,-1.8469,-0.92,10,1,10
21,1,237,Alexa PenaVega,Mark Ballas,Acting,1,22.0,3,7.333333333333333,0.6188,0.0,5,0,6
21,2,237,Alexa PenaVega,Mark Ballas,Acting,1,23.0,3,7.666666666666667,0.7249,0.33,3,0,6
21,3,237,Alexa PenaVega,Mark Ballas,Acting,1,36.0,4,9.0,1.1162,1.33,1,0,6
21,4,237,Alexa PenaVega,Mark Ballas,Acting,1,21.0,3,7.0,-0.6318,-2.0,8,0,6
21,5,237,Alexa PenaVega,Mark Ballas,Acting,1,40.0,4,10.0,1.3039,3.0,1,0,6
21,6,237,Alexa PenaVega,Mark Ballas,Acting,1,30.0,4,7.5,-0.8082,-2.5,7,0,6
21,7,237,Alexa PenaVega,Mark Ballas,Acting,1,27.5,3,9.166666666666666,-0.1581,1.67,5,0,6
21,8,237,Alexa PenaVega,Mark Ballas,Acting,1,26.9998,3,8.999933333333335,-0.244,-0.17,5,0,6
21,9,237,Alexa PenaVega,Mark Ballas,Acting,1,30.0,3,10.0,1.1393,1.0,1,1,6
21,1,238,Carlos PenaVega,Witney Carson,Acting,1,23.0,3,7.666666666666667,0.8423,0.0,3,0,4
21,2,238,Carlos PenaVega,Witney Carson,Acting,1,22.5,3,7.5,0.5595,-0.17,4,0,4
21,3,238,Carlos PenaVega,Witney Carson,Acting,1,31.0,4,7.75,0.1015,0.25,6,0,4
21,4,238,Carlos PenaVega,Witney Carson,Acting,1,25.0,3,8.333333333333334,0.3402,0.58,5,0,4
21,5,238,Carlos PenaVega,Witney Carson,Acting,1,39.0,4,9.75,1.105,1.42,2,0,4
21,6,238,Carlos PenaVega,Witney Carson,Acting,1,38.0,4,9.5,0.5451,-0.25,5,0,4
21,7,238,Carlos PenaVega,Witney Carson,Acting,1,28.0,3,9.333333333333334,0.4743,-0.17,2,0,4
21,8,238,Carlos PenaVega,Witney Carson,Acting,1,28.9998,3,9.6666,0.4391,0.33,2,0,4
21,9,238,Carlos PenaVega,Witney Carson,Acting,1,27.0,3,9.0,-0.1838,-0.67,4,0,4
21,10,238,Carlos PenaVega,Witney Carson,Acting,1,31.5,3,10.5,0.8333,1.5,1,0,4
21,11,238,Carlos PenaVega,Witney Carson,Acting,1,30.0,3,10.0,0.5,-0.5,1,1,4
21,1,239,Victor Espinoza,Karina Smirnoff,Sports,0,15.0,3,5.0,-0.9454,0.0,9,0,12
21,2,239,Victor Espinoza,Karina Smirnoff,Sports,0,18.5,3,6.166666666666667,-0.763,1.17,9,1,12
21,1,240,Alek Skarlatos,Lindsay Arnold,Other,1,22.0,3,7.333333333333333,0.6188,0.0,5,0,3
21,2,240,Alek Skarlatos,Lindsay Arnold,Other,1,22.5,3,7.5,0.5595,0.17,4,0,3
21,3,240,Alek Skarlatos,Lindsay Arnold,Other,1,33.0,4,8.25,0.5074,0.75,3,0,3
21,4,240,Alek Skarlatos,Lindsay Arnold,Other,1,24.0,3,8.0,0.0972,-0.25,6,0,3
21,5,240,Alek Skarlatos,Lindsay Arnold,Other,1,29.0,4,7.25,-0.884,-0.75,7,0,3
21,6,240,Alek Skarlatos,Lindsay Arnold,Other,1,30.0,4,7.5,-0.8082,0.25,7,0,3
21,7,240,Alek Skarlatos,Lindsay Arnold,Other,1,26.5,3,8.833333333333334,-1.423,1.33,8,0,3
21,8,240,Alek Skarlatos,Lindsay Arnold,Other,1,25.0,3,8.333333333333334,-0.9271,-0.5,6,0,3
21,9,240,Alek Skarlatos,Lindsay Arnold,Other,1,25.5,3,8.5,-0.8453,0.17,5,0,3
21,10,240,Alek Skarlatos,Lindsay Arnold,Other,1,28.5,3,9.5,-0.5,1.0,3,0,3
21,11,240,Alek Skarlatos,Lindsay Arnold,Other,1,27.999899999999997,3,9.3333,-1.5,-0.17,4,0,3
21,1,241,Chaka Khan,Keo Motsepe,Music,1,13.0,3,4.333333333333333,-1.3924,0.0,12,0,13
21,2,241,Chaka Khan,Keo Motsepe,Music,1,15.0,3,5.0,-1.9202,0.67,13,1,13
21,1,242,Andy Grammer,Allison Holker,Music,1,21.0,3,7.0,0.3954,0.0,7,0,7
21,2,242,Andy Grammer,Allison Holker,Music,1,22.0,3,7.333333333333333,0.3942,0.33,8,0,7
21,3,242,Andy Grammer,Allison Holker,Music,1,29.0,4,7.25,-0.3044,-0.08,8,0,7
21,4,242,Andy Grammer,Allison Holker,Music,1,23.0,3,7.666666666666667,-0.1458,0.42,7,0,7
21,5,242,Andy Grammer,Allison Holker,Music,1,36.0,4,9.0,0.5083,1.33,4,0,7
21,6,242,Andy Grammer,Allison Holker,Music,1,40.0,4,10.0,0.8834,1.0,1,0,7
21,7,242,Andy Grammer,Allison Holker,Music,1,28.0,3,9.333333333333334,0.4743,-0.67,2,0,7
21,8,242,Andy Grammer,Allison Holker,Music,1,23.9998,3,7.999933333333334,-1.2687,-1.33,7,1,7
21,1,243,Tamar Braxton,Valentin Chmerkovskiy,Music,1,23.0,3,7.666666666666667,0.8423,0.0,3,0,5
21,2,243,Tamar Braxton,Valentin Chmerkovskiy,Music,1,24.5,3,8.166666666666666,1.2208,0.5,1,0,5
21,3,243,Tamar Braxton,Valentin Chmerkovskiy,Music,1,33.0,4,8.25,0.5074,0.08,3,0,5
21,4,243,Tamar Braxton,Valentin Chmerkovskiy,Music,1,27.0,3,9.0,0.8262,0.75,2,0,5
21,5,243,Tamar Braxton,Valentin Chmerkovskiy,Music,1,29.0,4,7.25,-0.884,-1.75,7,0,5
21,6,243,Tamar Braxton,Valentin Chmerkovskiy,Music,1,40.0,4,10.0,0.8834,2.75,1,0,5
21,7,243,Tamar Braxton,Valentin Chmerkovskiy,Music,1,27.0,3,9.0,-0.7906,-1.0,6,0,5
21,8,243,Tamar Braxton,Valentin Chmerkovskiy,Music,1,28.0,3,9.333333333333334,0.0976,0.33,3,0,5
21,9,243,Tamar Braxton,Valentin Chmerkovskiy,Music,1,24.5,3,8.166666666666666,-1.2863,-1.17,6,0,5
21,1,244,Nick Carter,Sharna Burgess,Music,1,24.0,3,8.0,1.0657,0.0,1,0,2
21,2,244,Nick Carter,Sharna Burgess,Music,1,22.5,3,7.5,0.5595,-0.5,4,0,2
21,3,244,Nick Carter,Sharna Burgess,Music,1,36.0,4,9.0,1.1162,1.5,1,0,2
21,4,244,Nick Carter,Sharna Burgess,Music,1,27.0,3,9.0,0.8262,0.0,2,0,2
21,5,244,Nick Carter,Sharna Burgess,Music,1,35.0,4,8.75,0.3094,-0.25,5,0,2
21,6,244,Nick Carter,Sharna Burgess,Music,1,39.0,4,9.75,0.7143,1.0,4,0,2
21,7,244,Nick Carter,Sharna Burgess,Music,1,27.0,3,9.0,-0.7906,-0.75,6,0,2
21,8,244,Nick Carter,Sharna Burgess,Music,1,33.0,3,11.0,1.8054,2.0,1,0,2
21,9,244,Nick Carter,Sharna Burgess,Music,1,27.5,3,9.166666666666666,0.0368,-1.83,3,0,2
21,10,244,Nick Carter,Sharna Burgess,Music,1,27.0,3,9.0,-1.1667,-0.17,4,0,2
21,11,244,Nick Carter,Sharna Burgess,Music,1,30.0,3,10.0,0.5,1.0,1,0,2
21,1,245,Hayes Grier,Emma Slater,Media/TV,1,21.0,3,7.0,0.3954,0.0,7,0,8
21,2,245,Hayes Grier,Emma Slater,Media/TV,1,22.5,3,7.5,0.5595,0.5,4,0,8
21,3,245,Hayes Grier,Emma Slater,Media/TV,1,30.0,4,7.5,-0.1015,0.0,7,0,8
21,4,245,Hayes Grier,Emma Slater,Media/TV,1,27.0,3,9.0,0.8262,1.5,2,0,8
21,5,245,Hayes Grier,Emma Slater,Media/TV,1,30.0,4,7.5,-0.6851,-1.5,6,0,8
21,6,245,Hayes Grier,Emma Slater,Media/TV,1,32.0,4,8.0,-0.4699,0.5,6,0,8
21,7,245,Hayes Grier,Emma Slater,Media/TV,1,28.0,3,9.333333333333334,0.4743,1.33,2,1,8
21,1,246,Bindi Irwin,Derek Hough,Media/TV,0,24.0,3,8.0,1.0657,0.0,1,0,1
21,2,246,Bindi Irwin,Derek Hough,Media/TV,0,24.0,3,8.0,1.0555,0.0,2,0,1
21,3,246,Bindi Irwin,Derek Hough,Media/TV,0,32.0,4,8.0,0.3044,0.0,5,0,1
21,4,246,Bindi Irwin,Derek Hough,Media/TV,0,28.0,3,9.333333333333334,1.0693,1.33,1,0,1
21,5,246,Bindi Irwin,Derek Hough,Media/TV,0,37.0,4,9.25,0.7072,-0.08,3,0,1
21,6,246,Bindi Irwin,Derek Hough,Media/TV,0,40.0,4,10.0,0.8834,0.75,1,0,1
21,7,246,Bindi Irwin,Derek Hough,Media/TV,0,29.0,3,9.666666666666666,1.7393,-0.33,1,0,1
21,8,246,Bindi Irwin,Derek Hough,Media/TV,0,28.0,3,9.333333333333334,0.0976,-0.33,3,0,1
21,9,246,Bindi Irwin,Derek Hough,Media/TV,0,30.0,3,10.0,1.1393,0.67,1,0,1
21,10,246,Bindi Irwin,Derek Hough,Media/TV,0,31.5,3,10.5,0.8333,0.5,1,0,1
21,11,246,Bindi Irwin,Derek Hough,Media/TV,0,30.0,3,10.0,0.5,-0.5,1,0,1
21,1,247,Kim Zolciak-Biermann,Tony Dovolani,Media/TV,1,12.0,3,4.0,-1.6158,0.0,13,0,11
21,2,247,Kim Zolciak-Biermann,Tony Dovolani,Media/TV,1,18.5,3,6.166666666666667,-0.763,2.17,9,0,11
21,1,248,Paula Deen,Louis van Amstel,Media/TV,1,15.0,3,5.0,-0.9454,0.0,9,0,9
21,2,248,Paula Deen,Louis van Amstel,Media/TV,1,18.5,3,6.166666666666667,-0.763,1.17,9,0,9
21,3,248,Paula Deen,Louis van Amstel,Media/TV,1,20.0,4,5.0,-2.131,-1.17,10,0,9
21,4,248,Paula Deen,Louis van Amstel,Media/TV,1,18.0,3,6.0,-1.3609,1.0,9,0,9
21,5,248,Paula Deen,Louis van Amstel,Media/TV,1,26.0,4,6.5,-1.4807,0.5,9,0,9
21,6,248,Paula Deen,Louis van Amstel,Media/TV,1,24.0,4,6.0,-1.8232,-0.5,9,1,9
22,1,249,Mischa Barton,Artem Chigvintsev,Acting,0,16.0,3,5.333333333333333,-1.1342,0.0,10,0,11
22,2,249,Mischa Barton,Artem Chigvintsev,Acting,0,15.0,3,5.0,-1.4848,-0.33,11,0,11
22,3,249,Mischa Barton,Artem Chigvintsev,Acting,0,18.0,3,6.0,-1.7152,1.0,11,1,11
22,1,250,Kim Fields,Sasha Farber,Acting,1,20.0,3,6.666666666666667,0.0756,0.0,8,0,8
22,2,250,Kim Fields,Sasha Farber,Acting,1,19.0,3,6.333333333333333,-0.2121,-0.33,9,0,8
22,3,250,Kim Fields,Sasha Farber,Acting,1,22.0,3,7.333333333333333,0.2199,1.0,5,0,8
22,4,250,Kim Fields,Sasha Farber,Acting,1,32.0,4,8.0,0.0238,0.67,6,0,8
22,5,250,Kim Fields,Sasha Farber,Acting,1,28.0,4,7.0,-0.7542,-1.0,7,0,8
22,6,250,Kim Fields,Sasha Farber,Acting,1,24.0,3,8.0,-0.5013,1.0,6,0,8
22,7,250,Kim Fields,Sasha Farber,Acting,1,26.0,3,8.666666666666666,-0.7783,0.67,5,1,8
22,1,251,Jodie Sweetin,Keo Motsepe,Acting,1,20.0,3,6.666666666666667,0.0756,0.0,8,0,6
22,2,251,Jodie Sweetin,Keo Motsepe,Acting,1,21.0,3,7.0,0.4242,0.33,3,0,6
22,3,251,Jodie Sweetin,Keo Motsepe,Acting,1,23.0,3,7.666666666666667,0.7037,0.67,3,0,6
22,4,251,Jodie Sweetin,Keo Motsepe,Acting,1,27.0,4,6.75,-1.1662,-0.92,9,0,6
22,5,251,Jodie Sweetin,Keo Motsepe,Acting,1,35.0,4,8.75,1.2257,2.0,2,0,6
22,6,251,Jodie Sweetin,Keo Motsepe,Acting,1,25.0,3,8.333333333333334,-0.0911,-0.42,4,0,6
22,7,251,Jodie Sweetin,Keo Motsepe,Acting,1,25.5,3,8.5,-1.2972,0.17,8,0,6
22,8,251,Jodie Sweetin,Keo Motsepe,Acting,1,30.0,3,10.0,0.9446,1.5,1,1,6
22,1,252,Doug Flutie,Karina Smirnoff,Sports,1,15.0,3,5.0,-1.4366,0.0,11,0,9
22,2,252,Doug Flutie,Karina Smirnoff,Sports,1,20.0,3,6.666666666666667,0.1061,1.67,5,0,9
22,3,252,Doug Flutie,Karina Smirnoff,Sports,1,20.0,3,6.666666666666667,-0.7477,0.0,8,0,9
22,4,252,Doug Flutie,Karina Smirnoff,Sports,1,24.0,4,6.0,-1.8801,-0.67,10,0,9
22,5,252,Doug Flutie,Karina Smirnoff,Sports,1,28.0,4,7.0,-0.7542,1.0,7,0,9
22,6,252,Doug Flutie,Karina Smirnoff,Sports,1,21.0,3,7.0,-1.7318,0.0,9,1,9
22,1,253,Von Miller,Witney Carson,Sports,1,21.0,3,7.0,0.3781,0.0,4,0,7
22,2,253,Von Miller,Witney Carson,Sports,1,20.0,3,6.666666666666667,0.1061,-0.33,5,0,7
22,3,253,Von Miller,Witney Carson,Sports,1,20.0,3,6.666666666666667,-0.7477,0.0,8,0,7
22,4,253,Von Miller,Witney Carson,Sports,1,32.0,4,8.0,0.0238,1.33,6,0,7
22,5,253,Von Miller,Witney Carson,Sports,1,29.0,4,7.25,-0.4714,-0.75,6,0,7
22,6,253,Von Miller,Witney Carson,Sports,1,24.0,3,8.0,-0.5013,0.75,6,0,7
22,7,253,Von Miller,Witney Carson,Sports,1,26.0,3,8.666666666666666,-0.7783,0.67,5,1,7
22,1,254,Antonio Brown,Sharna Burgess,Sports,1,21.0,3,7.0,0.3781,0.0,4,0,5
22,2,254,Antonio Brown,Sharna Burgess,Sports,1,19.0,3,6.333333333333333,-0.2121,-0.67,9,0,5
22,3,254,Antonio Brown,Sharna Burgess,Sports,1,20.0,3,6.666666666666667,-0.7477,0.33,8,0,5
22,4,254,Antonio Brown,Sharna Burgess,Sports,1,35.0,4,8.75,0.7378,2.08,3,0,5
22,5,254,Antonio Brown,Sharna Burgess,Sports,1,26.0,4,6.5,-1.3199,-2.25,9,0,5
22,6,254,Antonio Brown,Sharna Burgess,Sports,1,27.0,3,9.0,0.7292,2.5,3,0,5
22,7,254,Antonio Brown,Sharna Burgess,Sports,1,26.0,3,8.666666666666666,-0.7783,-0.33,5,0,5
22,8,254,Antonio Brown,Sharna Burgess,Sports,1,27.0,3,9.0,-0.6011,0.33,5,0,5
22,9,254,Antonio Brown,Sharna Burgess,Sports,1,27.5,3,9.166666666666666,-1.1574,0.17,5,1,5
22,1,255,Paige VanZant,Mark Ballas,Sports,1,21.0,3,7.0,0.3781,0.0,4,0,2
22,2,255,Paige VanZant,Mark Ballas,Sports,1,24.0,3,8.0,1.3787,1.0,1,0,2
22,3,255,Paige VanZant,Mark Ballas,Sports,1,23.0,3,7.666666666666667,0.7037,-0.33,3,0,2
22,4,255,Paige VanZant,Mark Ballas,Sports,1,36.0,4,9.0,0.9758,1.33,1,0,2
22,5,255,Paige VanZant,Mark Ballas,Sports,1,31.0,4,7.75,0.0943,-1.25,4,0,2
22,6,255,Paige VanZant,Mark Ballas,Sports,1,28.0,3,9.333333333333334,1.1393,1.58,2,0,2
22,7,255,Paige VanZant,Mark Ballas,Sports,1,27.5,3,9.166666666666666,0.7783,-0.17,2,0,2
22,8,255,Paige VanZant,Mark Ballas,Sports,1,28.0,3,9.333333333333334,-0.0859,0.17,4,0,2
22,9,255,Paige VanZant,Mark Ballas,Sports,1,29.5,3,9.833333333333334,0.7716,0.5,2,0,2
22,10,255,Paige VanZant,Mark Ballas,Sports,1,29.666600000000003,3,9.888866666666667,1.0,0.06,1,0,2
22,1,256,Geraldo Rivera,Edyta Sliwinska,Media/TV,1,13.0,3,4.333333333333333,-2.0415,0.0,12,0,12
22,2,256,Geraldo Rivera,Edyta Sliwinska,Media/TV,1,13.0,3,4.333333333333333,-2.1211,0.0,12,1,12
22,1,257,Nyle DiMarco,Peta Murgatroyd,Model,1,23.0,3,7.666666666666667,0.983,0.0,1,0,1
22,2,257,Nyle DiMarco,Peta Murgatroyd,Model,1,20.0,3,6.666666666666667,0.1061,-1.0,5,0,1
22,3,257,Nyle DiMarco,Peta Murgatroyd,Model,1,25.0,3,8.333333333333334,1.6712,1.67,1,0,1
22,4,257,Nyle DiMarco,Peta Murgatroyd,Model,1,34.0,4,8.5,0.4998,0.17,5,0,1
22,5,257,Nyle DiMarco,Peta Murgatroyd,Model,1,37.0,4,9.25,1.7913,0.75,1,0,1
22,6,257,Nyle DiMarco,Peta Murgatroyd,Model,1,25.0,3,8.333333333333334,-0.0911,-0.92,4,0,1
22,7,257,Nyle DiMarco,Peta Murgatroyd,Model,1,28.0,3,9.333333333333334,1.2972,1.0,1,0,1
22,8,257,Nyle DiMarco,Peta Murgatroyd,Model,1,29.0,3,9.666666666666666,0.4294,0.33,3,0,1
22,9,257,Nyle DiMarco,Peta Murgatroyd,Model,1,28.5,3,9.5,-0.1929,-0.17,3,0,1
22,10,257,Nyle DiMarco,Peta Murgatroyd,Model,1,28.9998,3,9.6666,-0.0001,0.17,2,0,1
22,1,258,Ginger Zee,Valentin Chmerkovskiy,Media/TV,1,23.0,3,7.666666666666667,0.983,0.0,1,0,3
22,2,258,Ginger Zee,Valentin Chmerkovskiy,Media/TV,1,21.0,3,7.0,0.4242,-0.67,3,0,3
22,3,258,Ginger Zee,Valentin Chmerkovskiy,Media/TV,1,21.0,3,7.0,-0.2639,0.0,6,0,3
22,4,258,Ginger Zee,Valentin Chmerkovskiy,Media/TV,1,36.0,4,9.0,0.9758,2.0,1,0,3
22,5,258,Ginger Zee,Valentin Chmerkovskiy,Media/TV,1,32.0,4,8.0,0.3771,-1.0,3,0,3
22,6,258,Ginger Zee,Valentin Chmerkovskiy,Media/TV,1,24.0,3,8.0,-0.5013,0.0,6,0,3
22,7,258,Ginger Zee,Valentin Chmerkovskiy,Media/TV,1,27.5,3,9.166666666666666,0.7783,1.17,2,0,3
22,8,258,Ginger Zee,Valentin Chmerkovskiy,Media/TV,1,30.0,3,10.0,0.9446,0.83,1,0,3
22,9,258,Ginger Zee,Valentin Chmerkovskiy,Media/TV,1,28.0,3,9.333333333333334,-0.6751,-0.67,4,0,3
22,10,258,Ginger Zee,Valentin Chmerkovskiy,Media/TV,1,28.333199999999998,3,9.4444,-0.9999,0.11,3,0,3
22,1,259,Wanya Morris,Lindsay Arnold,Music,1,23.0,3,7.666666666666667,0.983,0.0,1,0,4
22,2,259,Wanya Morris,Lindsay Arnold,Music,1,24.0,3,8.0,1.3787,0.33,1,0,4
22,3,259,Wanya Morris,Lindsay Arnold,Music,1,24.0,3,8.0,1.1875,0.0,2,0,4
22,4,259,Wanya Morris,Lindsay Arnold,Music,1,35.0,4,8.75,0.7378,0.75,3,0,4
22,5,259,Wanya Morris,Lindsay Arnold,Music,1,30.0,4,7.5,-0.1886,-1.25,5,0,4
22,6,259,Wanya Morris,Lindsay Arnold,Music,1,29.0,3,9.666666666666666,1.5495,2.17,1,0,4
22,7,259,Wanya Morris,Lindsay Arnold,Music,1,27.5,3,9.166666666666666,0.7783,-0.5,2,0,4
22,8,259,Wanya Morris,Lindsay Arnold,Music,1,25.0,3,8.333333333333334,-1.6316,-0.83,6,0,4
22,9,259,Wanya Morris,Lindsay Arnold,Music,1,30.0,3,10.0,1.2538,1.67,1,1,4
22,1,260,Marla Maples,Tony Dovolani,Media/TV,1,21.0,3,7.0,0.3781,0.0,4,0,10
22,2,260,Marla Maples,Tony Dovolani,Media/TV,1,20.0,3,6.666666666666667,0.1061,-0.33,5,0,10
22,3,260,Marla Maples,Tony Dovolani,Media/TV,1,21.0,3,7.0,-0.2639,0.33,6,0,10
22,4,260,Marla Maples,Tony Dovolani,Media/TV,1,28.0,4,7.0,-0.9282,0.0,8,1,10
23,1,261,Jake T. Austin,Jenna Johnson,Acting,1,22.0,4,5.5,-1.0484,0.0,11,0,13
23,2,261,Jake T. Austin,Jenna Johnson,Acting,1,24.0,4,6.0,-1.003,0.5,10,1,13
23,1,262,Maureen McCormick,Artem Chigvintsev,Acting,1,22.0,4,5.5,-1.0484,0.0,11,0,8
23,2,262,Maureen McCormick,Artem Chigvintsev,Acting,1,26.0,4,6.5,-0.3511,1.0,8,0,8
23,3,262,Maureen McCormick,Artem Chigvintsev,Acting,1,28.0,4,7.0,0.3026,0.5,5,0,8
23,4,262,Maureen McCormick,Artem Chigvintsev,Acting,1,24.0,3,8.0,0.0845,1.0,4,0,8
23,5,262,Maureen McCormick,Artem Chigvintsev,Acting,1,24.0,3,8.0,-0.8592,0.0,6,0,8
23,6,262,Maureen McCormick,Artem Chigvintsev,Acting,1,31.0,4,7.75,-0.6742,-0.25,6,0,8
23,7,262,Maureen McCormick,Artem Chigvintsev,Acting,1,33.0,4,8.25,-0.7893,0.5,6,1,8
23,1,263,Marilu Henner,Derek Hough,Acting,1,27.0,4,6.75,0.5004,0.0,3,0,6
23,2,263,Marilu Henner,Derek Hough,Acting,1,27.0,4,6.75,-0.0251,0.0,7,0,6
23,3,263,Marilu Henner,Derek Hough,Acting,1,28.0,4,7.0,0.3026,0.25,5,0,6
23,4,263,Marilu Henner,Derek Hough,Acting,1,21.0,3,7.0,-0.845,0.0,10,0,6
23,5,263,Marilu Henner,Derek Hough,Acting,1,27.0,3,9.0,0.7978,2.0,2,0,6
23,6,263,Marilu Henner,Derek Hough,Acting,1,34.0,4,8.5,0.0259,-0.5,5,0,6
23,7,263,Marilu Henner,Derek Hough,Acting,1,32.0,4,8.0,-1.3384,-0.5,8,0,6
23,8,263,Marilu Henner,Derek Hough,Acting,1,23.0,3,7.666666666666667,-1.2599,-0.33,7,0,6
23,9,263,Marilu Henner,Derek Hough,Acting,1,36.0,4,9.0,-0.9992,1.33,5,1,6
23,1,264,Ryan Lochte,Cheryl Burke,Sports,1,24.0,4,6.0,-0.4289,0.0,9,0,7
23,2,264,Ryan Lochte,Cheryl Burke,Sports,1,24.0,4,6.0,-1.003,0.0,10,0,7
23,3,264,Ryan Lochte,Cheryl Burke,Sports,1,25.0,4,6.25,-0.6878,0.25,8,0,7
23,4,264,Ryan Lochte,Cheryl Burke,Sports,1,22.0,3,7.333333333333333,-0.5351,1.08,9,0,7
23,5,264,Ryan Lochte,Cheryl Burke,Sports,1,24.0,3,8.0,-0.8592,0.67,6,0,7
23,6,264,Ryan Lochte,Cheryl Burke,Sports,1,30.0,4,7.5,-0.9076,-0.5,7,0,7
23,7,264,Ryan Lochte,Cheryl Burke,Sports,1,33.0,4,8.25,-0.7893,0.75,6,0,7
23,8,264,Ryan Lochte,Cheryl Burke,Sports,1,26.0,3,8.666666666666666,-0.5984,0.42,5,1,7
23,1,265,Calvin Johnson Jr.,Lindsay Arnold,Sports,1,26.0,4,6.5,0.1906,0.0,5,0,3
23,2,265,Calvin Johnson Jr.,Lindsay Arnold,Sports,1,28.0,4,7.0,0.3009,0.5,6,0,3
23,3,265,Calvin Johnson Jr.,Lindsay Arnold,Sports,1,32.0,4,8.0,1.6233,1.0,1,0,3
23,4,265,Calvin Johnson Jr.,Lindsay Arnold,Sports,1,23.0,3,7.666666666666667,-0.2253,-0.33,6,0,3
23,5,265,Calvin Johnson Jr.,Lindsay Arnold,Sports,1,24.0,3,8.0,-0.8592,0.33,6,0,3
23,6,265,Calvin Johnson Jr.,Lindsay Arnold,Sports,1,37.0,4,9.25,0.726,1.25,3,0,3
23,7,265,Calvin Johnson Jr.,Lindsay Arnold,Sports,1,37.0,4,9.25,1.407,0.0,1,0,3
23,8,265,Calvin Johnson Jr.,Lindsay Arnold,Sports,1,30.0,3,10.0,0.2835,0.75,3,0,3
23,9,265,Calvin Johnson Jr.,Lindsay Arnold,Sports,1,37.0,4,9.25,-0.4542,-0.75,4,0,3
23,10,265,Calvin Johnson Jr.,Lindsay Arnold,Sports,1,28.0,3,9.333333333333334,-1.5538,0.08,5,0,3
23,11,265,Calvin Johnson Jr.,Lindsay Arnold,Sports,1,38.3331,4,9.583275,0.1671,0.25,3,0,3
23,1,266,Laurie Hernandez,Valentin Chmerkovskiy,Sports,1,31.0,4,7.75,1.7393,0.0,1,0,1
23,2,266,Laurie Hernandez,Valentin Chmerkovskiy,Sports,1,32.0,4,8.0,1.6049,0.25,1,0,1
23,3,266,Laurie Hernandez,Valentin Chmerkovskiy,Sports,1,31.0,4,7.75,1.2931,-0.25,2,0,1
23,4,266,Laurie Hernandez,Valentin Chmerkovskiy,Sports,1,30.0,3,10.0,1.9434,2.25,1,0,1
23,5,266,Laurie Hernandez,Valentin Chmerkovskiy,Sports,1,25.0,3,8.333333333333334,-0.3069,-1.67,5,0,1
23,6,266,Laurie Hernandez,Valentin Chmerkovskiy,Sports,1,37.0,4,9.25,0.726,0.92,3,0,1
23,7,266,Laurie Hernandez,Valentin Chmerkovskiy,Sports,1,34.5,4,8.625,0.0343,-0.62,3,0,1
23,8,266,Laurie Hernandez,Valentin Chmerkovskiy,Sports,1,33.0,3,11.0,0.9449,2.38,2,0,1
23,9,266,Laurie Hernandez,Valentin Chmerkovskiy,Sports,1,40.0,4,10.0,1.1808,-1.0,1,0,1
23,10,266,Laurie Hernandez,Valentin Chmerkovskiy,Sports,1,30.0,3,10.0,0.8367,0.0,1,0,1
23,11,266,Laurie Hernandez,Valentin Chmerkovskiy,Sports,1,39.333200000000005,4,9.833300000000001,0.7404,-0.17,1,0,1
23,1,267,Amber Rose,Maksim Chmerkoskiy,Model,1,24.0,4,6.0,-0.4289,0.0,9,0,9
23,2,267,Amber Rose,Maksim Chmerkoskiy,Model,1,24.0,4,6.0,-1.003,0.0,10,0,9
23,3,267,Amber Rose,Maksim Chmerkoskiy,Model,1,25.0,4,6.25,-0.6878,0.25,8,0,9
23,4,267,Amber Rose,Maksim Chmerkoskiy,Model,1,24.0,3,8.0,0.0845,1.75,4,0,9
23,5,267,Amber Rose,Maksim Chmerkoskiy,Model,1,24.0,3,8.0,-0.8592,0.0,6,0,9
23,6,267,Amber Rose,Maksim Chmerkoskiy,Model,1,28.0,4,7.0,-1.3743,-1.0,9,1,9
23,1,268,Rick Perry,Emma Slater,Politics,1,20.0,4,5.0,-1.6678,0.0,13,0,12
23,2,268,Rick Perry,Emma Slater,Politics,1,22.0,4,5.5,-1.655,0.5,13,0,12
23,3,268,Rick Perry,Emma Slater,Politics,1,23.0,4,5.75,-1.3481,0.25,11,1,12
23,1,269,James Hinchcliffe,Sharna Burgess,Sports,0,31.0,4,7.75,1.7393,0.0,1,0,2
23,2,269,James Hinchcliffe,Sharna Burgess,Sports,0,29.0,4,7.25,0.6269,-0.5,4,0,2
23,3,269,James Hinchcliffe,Sharna Burgess,Sports,0,29.0,4,7.25,0.6328,0.0,4,0,2
23,4,269,James Hinchcliffe,Sharna Burgess,Sports,0,28.0,3,9.333333333333334,1.3238,2.08,2,0,2
23,5,269,James Hinchcliffe,Sharna Burgess,Sports,0,29.0,3,9.666666666666666,1.9025,0.33,1,0,2
23,6,269,James Hinchcliffe,Sharna Burgess,Sports,0,38.0,4,9.5,0.9594,-0.17,2,0,2
23,7,269,James Hinchcliffe,Sharna Burgess,Sports,0,37.0,4,9.25,1.407,-0.25,1,0,2
23,8,269,James Hinchcliffe,Sharna Burgess,Sports,0,34.9998,3,11.6666,1.3858,2.42,1,0,2
23,9,269,James Hinchcliffe,Sharna Burgess,Sports,0,36.0,4,9.0,-0.9992,-2.67,5,0,2
23,10,269,James Hinchcliffe,Sharna Burgess,Sports,0,29.5,3,9.833333333333334,0.239,0.83,3,0,2
23,11,269,James Hinchcliffe,Sharna Burgess,Sports,0,38.9998,4,9.74995,0.5493,-0.08,2,0,2
23,1,270,Babyface,Allison Holker,Music,1,26.0,4,6.5,0.1906,0.0,5,0,11
23,2,270,Babyface,Allison Holker,Music,1,30.0,4,7.5,0.9529,1.0,3,0,11
23,3,270,Babyface,Allison Holker,Music,1,25.0,4,6.25,-0.6878,-1.25,8,0,11
23,4,270,Babyface,Allison Holker,Music,1,18.0,3,6.0,-1.7744,-0.25,11,1,11
23,1,271,Vanilla Ice,Witney Carson,Music,1,25.0,4,6.25,-0.1191,0.0,7,0,10
23,2,271,Vanilla Ice,Witney Carson,Music,1,26.0,4,6.5,-0.3511,0.25,8,0,10
23,3,271,Vanilla Ice,Witney Carson,Music,1,23.0,4,5.75,-1.3481,-0.75,11,0,10
23,4,271,Vanilla Ice,Witney Carson,Music,1,23.0,3,7.666666666666667,-0.2253,1.92,6,1,10
23,1,272,Jana Kramer,Gleb Savchenko,Music,1,27.0,4,6.75,0.5004,0.0,3,0,4
23,2,272,Jana Kramer,Gleb Savchenko,Music,1,29.0,4,7.25,0.6269,0.5,4,0,4
23,3,272,Jana Kramer,Gleb Savchenko,Music,1,26.0,4,6.5,-0.3577,-0.75,7,0,4
23,4,272,Jana Kramer,Gleb Savchenko,Music,1,23.0,3,7.666666666666667,-0.2253,1.17,6,0,4
23,5,272,Jana Kramer,Gleb Savchenko,Music,1,26.0,3,8.666666666666666,0.2455,1.0,4,0,4
23,6,272,Jana Kramer,Gleb Savchenko,Music,1,40.0,4,10.0,1.4262,1.33,1,0,4
23,7,272,Jana Kramer,Gleb Savchenko,Music,1,34.5,4,8.625,0.0343,-1.38,3,0,4
23,8,272,Jana Kramer,Gleb Savchenko,Music,1,30.0,3,10.0,0.2835,1.38,3,0,4
23,9,272,Jana Kramer,Gleb Savchenko,Music,1,40.0,4,10.0,1.1808,0.0,1,0,4
23,10,272,Jana Kramer,Gleb Savchenko,Music,1,29.0,3,9.666666666666666,-0.3586,-0.33,4,0,4
23,11,272,Jana Kramer,Gleb Savchenko,Music,1,35.5,4,8.875,-1.4568,-0.79,4,1,4
23,1,273,Terra Jole,Sasha Farber,Media/TV,1,25.0,4,6.25,-0.1191,0.0,7,0,5
23,2,273,Terra Jole,Sasha Farber,Media/TV,1,31.0,4,7.75,1.2789,1.5,2,0,5
23,3,273,Terra Jole,Sasha Farber,Media/TV,1,30.0,4,7.5,0.9629,-0.25,3,0,5
23,4,273,Terra Jole,Sasha Farber,Media/TV,1,25.0,3,8.333333333333334,0.3943,0.83,3,0,5
23,5,273,Terra Jole,Sasha Farber,Media/TV,1,27.0,3,9.0,0.7978,0.67,2,0,5
23,6,273,Terra Jole,Sasha Farber,Media/TV,1,30.0,4,7.5,-0.9076,-1.5,7,0,5
23,7,273,Terra Jole,Sasha Farber,Media/TV,1,34.5,4,8.625,0.0343,1.12,3,0,5
23,8,273,Terra Jole,Sasha Farber,Media/TV,1,24.0,3,8.0,-1.0394,-0.62,6,0,5
23,9,273,Terra Jole,Sasha Farber,Media/TV,1,38.0,4,9.5,0.0908,1.5,3,0,5
23,10,273,Terra Jole,Sasha Farber,Media/TV,1,30.0,3,10.0,0.8367,0.5,1,1,5
24,1,274,Charo,Keo Motsepe,Acting,0,21.0,4,5.25,-0.9079,0.0,10,0,11
24,2,274,Charo,Keo Motsepe,Acting,0,25.0,4,6.25,-0.6987,1.0,9,0,11
24,3,274,Charo,Keo Motsepe,Acting,0,24.0,4,6.0,-1.15,-0.25,9,1,11
24,1,275,Mr. T,Kym Herjavec,Acting,1,20.0,4,5.0,-1.1258,0.0,11,0,10
24,2,275,Mr. T,Kym Herjavec,Acting,1,22.0,4,5.5,-1.5971,0.5,11,0,10
24,3,275,Mr. T,Kym Herjavec,Acting,1,24.0,4,6.0,-1.15,0.5,9,0,10
24,4,275,Mr. T,Kym Herjavec,Acting,1,28.0,4,7.0,-1.4055,1.0,10,1,10
24,1,276,Heather Morris,Maksim Chmerkoskiy,Acting,1,28.0,4,7.0,0.6174,0.0,3,0,8
24,2,276,Heather Morris,Maksim Chmerkoskiy,Acting,1,30.0,4,7.5,0.7985,0.5,3,0,8
24,3,276,Heather Morris,Maksim Chmerkoskiy,Acting,1,33.0,4,8.25,1.0823,0.75,2,0,8
24,4,276,Heather Morris,Maksim Chmerkoskiy,Acting,1,35.0,4,8.75,0.7333,0.5,3,0,8
24,5,276,Heather Morris,Maksim Chmerkoskiy,Acting,1,34.0,4,8.5,0.065,-0.25,4,0,8
24,6,276,Heather Morris,Maksim Chmerkoskiy,Acting,1,37.0,4,9.25,1.3967,0.75,1,1,8
24,1,277,Nancy Kerrigan,Artem Chigvintsev,Sports,1,28.0,4,7.0,0.6174,0.0,3,0,7
24,2,277,Nancy Kerrigan,Artem Chigvintsev,Sports,1,28.0,4,7.0,0.1996,0.0,5,0,7
24,3,277,Nancy Kerrigan,Artem Chigvintsev,Sports,1,33.0,4,8.25,1.0823,1.25,2,0,7
24,4,277,Nancy Kerrigan,Artem Chigvintsev,Sports,1,33.0,4,8.25,0.1222,0.0,4,0,7
24,5,277,Nancy Kerrigan,Artem Chigvintsev,Sports,1,36.0,4,9.0,0.6498,0.75,3,0,7
24,6,277,Nancy Kerrigan,Artem Chigvintsev,Sports,1,33.5,4,8.375,-0.0517,-0.62,5,0,7
24,7,277,Nancy Kerrigan,Artem Chigvintsev,Sports,1,36.0,4,9.0,-0.0352,0.62,4,1,7
24,1,278,Bonner Bolton,Sharna Burgess,Sports,1,22.0,4,5.5,-0.69,0.0,9,0,5
24,2,278,Bonner Bolton,Sharna Burgess,Sports,1,28.0,4,7.0,0.1996,1.5,5,0,5
24,3,278,Bonner Bolton,Sharna Burgess,Sports,1,24.0,4,6.0,-1.15,-1.0,9,0,5
24,4,278,Bonner Bolton,Sharna Burgess,Sports,1,32.0,4,8.0,-0.1833,2.0,5,0,5
24,5,278,Bonner Bolton,Sharna Burgess,Sports,1,30.0,4,7.5,-1.1047,-0.5,8,0,5
24,6,278,Bonner Bolton,Sharna Burgess,Sports,1,31.5,4,7.875,-0.8794,0.38,6,0,5
24,7,278,Bonner Bolton,Sharna Burgess,Sports,1,31.0,4,7.75,-1.267,-0.12,7,0,5
24,8,278,Bonner Bolton,Sharna Burgess,Sports,1,29.0,4,7.25,-1.4134,-0.5,5,1,5
24,1,279,Simone Biles,Sasha Farber,Sports,1,32.0,4,8.0,1.489,0.0,1,0,4
24,2,279,Simone Biles,Sasha Farber,Sports,1,29.0,4,7.25,0.4991,-0.75,4,0,4
24,3,279,Simone Biles,Sasha Farber,Sports,1,32.0,4,8.0,0.8343,0.75,4,0,4
24,4,279,Simone Biles,Sasha Farber,Sports,1,36.0,4,9.0,1.0389,1.0,2,0,4
24,5,279,Simone Biles,Sasha Farber,Sports,1,38.0,4,9.5,1.2347,0.5,2,0,4
24,6,279,Simone Biles,Sasha Farber,Sports,1,34.5,4,8.625,0.3621,-0.88,4,0,4
24,7,279,Simone Biles,Sasha Farber,Sports,1,39.0,4,9.75,0.7039,1.12,2,0,4
24,8,279,Simone Biles,Sasha Farber,Sports,1,36.0,4,9.0,0.2635,-0.75,3,0,4
24,9,279,Simone Biles,Sasha Farber,Sports,1,40.0,4,10.0,1.0135,1.0,1,1,4
24,1,280,David Ross,Lindsay Arnold,Sports,1,28.0,4,7.0,0.6174,0.0,3,0,2
24,2,280,David Ross,Lindsay Arnold,Sports,1,27.0,4,6.75,-0.0998,-0.25,8,0,2
24,3,280,David Ross,Lindsay Arnold,Sports,1,31.0,4,7.75,0.5863,1.0,5,0,2
24,4,280,David Ross,Lindsay Arnold,Sports,1,31.0,4,7.75,-0.4889,0.0,7,0,2
24,5,280,David Ross,Lindsay Arnold,Sports,1,29.0,4,7.25,-1.3971,-0.5,9,0,2
24,6,280,David Ross,Lindsay Arnold,Sports,1,31.0,4,7.75,-1.0863,0.5,7,0,2
24,7,280,David Ross,Lindsay Arnold,Sports,1,32.0,4,8.0,-1.0206,0.25,6,0,2
24,8,280,David Ross,Lindsay Arnold,Sports,1,32.5,4,8.125,-0.5749,0.12,4,0,2
24,9,280,David Ross,Lindsay Arnold,Sports,1,35.0,4,8.75,-1.3713,0.62,4,0,2
24,10,280,David Ross,Lindsay Arnold,Sports,1,36.3333,4,9.083325,-1.1499,0.33,3,0,2
24,1,281,Rashad Jennings,Emma Slater,Sports,1,31.0,4,7.75,1.2711,0.0,2,0,1
24,2,281,Rashad Jennings,Emma Slater,Sports,1,32.0,4,8.0,1.3975,0.25,1,0,1
24,3,281,Rashad Jennings,Emma Slater,Sports,1,28.0,4,7.0,-0.1578,-1.0,6,0,1
24,4,281,Rashad Jennings,Emma Slater,Sports,1,39.0,4,9.75,1.9555,2.75,1,0,1
24,5,281,Rashad Jennings,Emma Slater,Sports,1,32.0,4,8.0,-0.5199,-1.75,6,0,1
24,6,281,Rashad Jennings,Emma Slater,Sports,1,35.0,4,8.75,0.569,0.75,3,0,1
24,7,281,Rashad Jennings,Emma Slater,Sports,1,39.0,4,9.75,0.7039,1.0,2,0,1
24,8,281,Rashad Jennings,Emma Slater,Sports,1,37.5,4,9.375,0.6229,-0.38,2,0,1
24,9,281,Rashad Jennings,Emma Slater,Sports,1,38.5,4,9.625,0.2981,0.25,2,0,1
24,10,281,Rashad Jennings,Emma Slater,Sports,1,39.6666,4,9.91665,0.6658,0.29,1,0,1
24,1,282,Chris Kattan,Witney Carson,Comedy,1,17.0,4,4.25,-1.7795,0.0,12,0,12
24,2,282,Chris Kattan,Witney Carson,Comedy,1,22.0,4,5.5,-1.5971,1.25,11,1,12
24,1,283,Erika Jayne,Gleb Savchenko,Music,1,24.0,4,6.0,-0.2542,0.0,7,0,9
24,2,283,Erika Jayne,Gleb Savchenko,Music,1,28.0,4,7.0,0.1996,1.0,5,0,9
24,3,283,Erika Jayne,Gleb Savchenko,Music,1,26.0,4,6.5,-0.6539,-0.5,7,0,9
24,4,283,Erika Jayne,Gleb Savchenko,Music,1,30.0,4,7.5,-0.7944,1.0,8,0,9
24,5,283,Erika Jayne,Gleb Savchenko,Music,1,32.0,4,8.0,-0.5199,0.5,6,1,9
24,1,284,Normani,Valentin Chmerkovskiy,Music,1,27.0,4,6.75,0.3995,0.0,6,0,3
24,2,284,Normani,Valentin Chmerkovskiy,Music,1,32.0,4,8.0,1.3975,1.25,1,0,3
24,3,284,Normani,Valentin Chmerkovskiy,Music,1,34.0,4,8.5,1.3304,0.5,1,0,3
24,4,284,Normani,Valentin Chmerkovskiy,Music,1,32.0,4,8.0,-0.1833,-0.5,5,0,3
24,5,284,Normani,Valentin Chmerkovskiy,Music,1,39.0,4,9.75,1.5271,1.75,1,0,3
24,6,284,Normani,Valentin Chmerkovskiy,Music,1,36.0,4,9.0,0.9828,-0.75,2,0,3
24,7,284,Normani,Valentin Chmerkovskiy,Music,1,42.0,4,10.5,1.443,1.5,1,0,3
24,8,284,Normani,Valentin Chmerkovskiy,Music,1,39.5,4,9.875,1.102,-0.62,1,0,3
24,9,284,Normani,Valentin Chmerkovskiy,Music,1,38.0,4,9.5,0.0596,-0.38,3,0,3
24,10,284,Normani,Valentin Chmerkovskiy,Music,1,39.333200000000005,4,9.833300000000001,0.4842,0.33,2,0,3
24,1,285,Nick Viall,Peta Murgatroyd,Media/TV,1,24.0,4,6.0,-0.2542,0.0,7,0,6
24,2,285,Nick Viall,Peta Murgatroyd,Media/TV,1,25.0,4,6.25,-0.6987,0.25,9,0,6
24,3,285,Nick Viall,Peta Murgatroyd,Media/TV,1,26.0,4,6.5,-0.6539,0.25,7,0,6
24,4,285,Nick Viall,Peta Murgatroyd,Media/TV,1,30.0,4,7.5,-0.7944,1.0,8,0,6
24,5,285,Nick Viall,Peta Murgatroyd,Media/TV,1,34.0,4,8.5,0.065,1.0,4,0,6
24,6,285,Nick Viall,Peta Murgatroyd,Media/TV,1,30.5,4,7.625,-1.2932,-0.88,8,0,6
24,7,285,Nick Viall,Peta Murgatroyd,Media/TV,1,34.0,4,8.5,-0.5279,0.88,5,1,6
25,1,286,Sasha Pieterse,Gleb Savchenko,Acting,0,18.0,3,6.0,-0.1538,0.0,7,0,10
25,2,286,Sasha Pieterse,Gleb Savchenko,Acting,0,22.5,3,7.5,0.6606,1.5,4,0,10
25,3,286,Sasha Pieterse,Gleb Savchenko,Acting,0,19.0,3,6.333333333333333,-1.4282,-1.17,11,0,10
25,4,286,Sasha Pieterse,Gleb Savchenko,Acting,0,24.0,3,8.0,-0.3241,1.67,4,0,10
25,5,286,Sasha Pieterse,Gleb Savchenko,Acting,0,24.0,3,8.0,-0.8352,0.0,8,1,10
25,1,287,Frankie Muniz,Witney Carson,Acting,1,19.0,3,6.333333333333333,0.246,0.0,5,0,3
25,2,287,Frankie Muniz,Witney Carson,Acting,1,24.0,3,8.0,1.3387,1.67,1,0,3
25,3,287,Frankie Muniz,Witney Carson,Acting,1,21.0,3,7.0,-0.5305,-1.0,6,0,3
25,4,287,Frankie Muniz,Witney Carson,Acting,1,24.0,3,8.0,-0.3241,1.0,4,0,3
25,5,287,Frankie Muniz,Witney Carson,Acting,1,29.0,3,9.666666666666666,1.1534,1.67,2,0,3
25,6,287,Frankie Muniz,Witney Carson,Acting,1,31.0,4,7.75,-0.6396,-1.92,6,0,3
25,7,287,Frankie Muniz,Witney Carson,Acting,1,30.0,3,10.0,1.488,2.25,1,0,3
25,8,287,Frankie Muniz,Witney Carson,Acting,1,26.5,3,8.833333333333334,0.177,-1.17,3,0,3
25,9,287,Frankie Muniz,Witney Carson,Acting,1,25.5,3,8.5,-0.6975,-0.33,4,0,3
25,10,287,Frankie Muniz,Witney Carson,Acting,1,38.8887,4,9.722175,-0.1757,1.22,3,0,3
25,1,288,Jordan Fisher,Lindsay Arnold,Acting,1,22.0,3,7.333333333333333,1.4454,0.0,1,0,1
25,2,288,Jordan Fisher,Lindsay Arnold,Acting,1,24.0,3,8.0,1.3387,0.67,1,0,1
25,3,288,Jordan Fisher,Lindsay Arnold,Acting,1,25.0,3,8.333333333333334,1.2649,0.33,2,0,1
25,4,288,Jordan Fisher,Lindsay Arnold,Acting,1,29.0,3,9.666666666666666,2.2226,1.33,1,0,1
25,5,288,Jordan Fisher,Lindsay Arnold,Acting,1,30.0,3,10.0,1.5511,0.33,1,0,1
25,6,288,Jordan Fisher,Lindsay Arnold,Acting,1,39.0,4,9.75,1.066,-0.25,2,0,1
25,7,288,Jordan Fisher,Lindsay Arnold,Acting,1,27.0,3,9.0,0.0595,-0.75,4,0,1
25,8,288,Jordan Fisher,Lindsay Arnold,Acting,1,30.0,3,10.0,1.6638,1.0,1,0,1
25,9,288,Jordan Fisher,Lindsay Arnold,Acting,1,29.0,3,9.666666666666666,0.93,-0.33,1,0,1
25,10,288,Jordan Fisher,Lindsay Arnold,Acting,1,40.0,4,10.0,0.7608,0.33,1,0,1
25,1,289,Derek Fisher,Sharna Burgess,Sports,1,18.0,3,6.0,-0.1538,0.0,7,0,11
25,2,289,Derek Fisher,Sharna Burgess,Sports,1,19.0,3,6.333333333333333,-0.9214,0.33,11,0,11
25,3,289,Derek Fisher,Sharna Burgess,Sports,1,21.0,3,7.0,-0.5305,0.67,6,0,11
25,4,289,Derek Fisher,Sharna Burgess,Sports,1,23.0,3,7.666666666666667,-0.8335,0.67,10,1,11
25,1,290,Nikki Bella,Artem Chigvintsev,Sports,1,20.0,3,6.666666666666667,0.6458,0.0,4,0,8
25,2,290,Nikki Bella,Artem Chigvintsev,Sports,1,19.5,3,6.5,-0.6954,-0.17,9,0,8
25,3,290,Nikki Bella,Artem Chigvintsev,Sports,1,21.0,3,7.0,-0.5305,0.5,6,0,8
25,4,290,Nikki Bella,Artem Chigvintsev,Sports,1,24.0,3,8.0,-0.3241,1.0,4,0,8
25,5,290,Nikki Bella,Artem Chigvintsev,Sports,1,27.0,3,9.0,0.3579,1.0,4,0,8
25,6,290,Nikki Bella,Artem Chigvintsev,Sports,1,36.0,4,9.0,0.4264,0.0,4,0,8
25,7,290,Nikki Bella,Artem Chigvintsev,Sports,1,24.0,3,8.0,-1.3689,-1.0,8,1,8
25,1,291,Terrell Owens,Cheryl Burke,Sports,1,15.0,3,5.0,-1.3532,0.0,12,0,6
25,2,291,Terrell Owens,Cheryl Burke,Sports,1,19.5,3,6.5,-0.6954,1.5,9,0,6
25,3,291,Terrell Owens,Cheryl Burke,Sports,1,21.0,3,7.0,-0.5305,0.5,6,0,6
25,4,291,Terrell Owens,Cheryl Burke,Sports,1,24.0,3,8.0,-0.3241,1.0,4,0,6
25,5,291,Terrell Owens,Cheryl Burke,Sports,1,25.0,3,8.333333333333334,-0.4375,0.33,6,0,6
25,6,291,Terrell Owens,Cheryl Burke,Sports,1,37.0,4,9.25,0.6396,0.92,3,0,6
25,7,291,Terrell Owens,Cheryl Burke,Sports,1,24.5,3,8.166666666666666,-1.1309,-1.08,7,0,6
25,8,291,Terrell Owens,Cheryl Burke,Sports,1,25.5,3,8.5,-0.2478,0.33,4,1,6
25,1,292,Victoria Arlen,Valentin Chmerkovskiy,Sports,1,19.0,3,6.333333333333333,0.246,0.0,5,0,5
25,2,292,Victoria Arlen,Valentin Chmerkovskiy,Sports,1,22.0,3,7.333333333333333,0.4346,1.0,6,0,5
25,3,292,Victoria Arlen,Valentin Chmerkovskiy,Sports,1,22.0,3,7.333333333333333,-0.0816,0.0,5,0,5
25,4,292,Victoria Arlen,Valentin Chmerkovskiy,Sports,1,27.0,3,9.0,1.2039,1.67,2,0,5
25,5,292,Victoria Arlen,Valentin Chmerkovskiy,Sports,1,27.0,3,9.0,0.3579,0.0,4,0,5
25,6,292,Victoria Arlen,Valentin Chmerkovskiy,Sports,1,31.0,4,7.75,-0.6396,-1.25,6,0,5
25,7,292,Victoria Arlen,Valentin Chmerkovskiy,Sports,1,28.5,3,9.5,0.7737,1.75,2,0,5
25,8,292,Victoria Arlen,Valentin Chmerkovskiy,Sports,1,24.0,3,8.0,-0.885,-1.5,5,0,5
25,9,292,Victoria Arlen,Valentin Chmerkovskiy,Sports,1,28.0,3,9.333333333333334,0.465,1.33,3,1,5
25,1,293,Barbara Corcoran,Keo Motsepe,Other,1,14.0,3,4.666666666666667,-1.7529,0.0,13,0,13
25,2,293,Barbara Corcoran,Keo Motsepe,Other,1,17.0,3,5.666666666666667,-1.8255,1.0,13,1,13
25,1,294,Lindsey Stirling,Mark Ballas,Music,1,22.0,3,7.333333333333333,1.4454,0.0,1,0,2
25,2,294,Lindsey Stirling,Mark Ballas,Music,1,22.5,3,7.5,0.6606,0.17,4,0,2
25,3,294,Lindsey Stirling,Mark Ballas,Music,1,27.0,3,9.0,2.1626,1.5,1,0,2
25,4,294,Lindsey Stirling,Mark Ballas,Music,1,26.0,3,8.666666666666666,0.6946,-0.33,3,0,2
25,5,294,Lindsey Stirling,Mark Ballas,Music,1,28.0,3,9.333333333333334,0.7556,0.67,3,0,2
25,6,294,Lindsey Stirling,Mark Ballas,Music,1,40.0,4,10.0,1.2792,0.67,1,0,2
25,7,294,Lindsey Stirling,Mark Ballas,Music,1,25.5,3,8.5,-0.6547,-1.5,6,0,2
25,8,294,Lindsey Stirling,Mark Ballas,Music,1,27.0,3,9.0,0.3894,0.5,2,0,2
25,9,294,Lindsey Stirling,Mark Ballas,Music,1,28.5,3,9.5,0.6975,0.5,2,0,2
25,10,294,Lindsey Stirling,Mark Ballas,Music,1,40.0,4,10.0,0.7608,0.5,1,0,2
25,1,295,Debbie Gibson,Alan Bersten,Music,1,17.0,3,5.666666666666667,-0.5536,0.0,10,0,12
25,2,295,Debbie Gibson,Alan Bersten,Music,1,20.5,3,6.833333333333333,-0.2434,1.17,7,1,12
25,1,296,Nick Lachey,Peta Murgatroyd,Music,1,18.0,3,6.0,-0.1538,0.0,7,0,9
25,2,296,Nick Lachey,Peta Murgatroyd,Music,1,19.0,3,6.333333333333333,-0.9214,0.33,11,0,9
25,3,296,Nick Lachey,Peta Murgatroyd,Music,1,21.0,3,7.0,-0.5305,0.67,6,0,9
25,4,296,Nick Lachey,Peta Murgatroyd,Music,1,22.0,3,7.333333333333333,-1.3428,0.33,11,0,9
25,5,296,Nick Lachey,Peta Murgatroyd,Music,1,22.0,3,7.333333333333333,-1.6306,0.0,10,0,9
25,6,296,Nick Lachey,Peta Murgatroyd,Music,1,26.0,4,6.5,-1.7056,-0.83,9,1,9
25,1,297,Drew Scott,Emma Slater,Media/TV,0,16.0,3,5.333333333333333,-0.9534,0.0,11,0,4
25,2,297,Drew Scott,Emma Slater,Media/TV,0,20.5,3,6.833333333333333,-0.2434,1.5,7,0,4
25,3,297,Drew Scott,Emma Slater,Media/TV,0,23.0,3,7.666666666666667,0.3672,0.83,3,0,4
25,4,297,Drew Scott,Emma Slater,Media/TV,0,24.0,3,8.0,-0.3241,0.33,4,0,4
25,5,297,Drew Scott,Emma Slater,Media/TV,0,25.0,3,8.333333333333334,-0.4375,0.33,6,0,4
25,6,297,Drew Scott,Emma Slater,Media/TV,0,30.0,4,7.5,-0.8528,-0.83,8,0,4
25,7,297,Drew Scott,Emma Slater,Media/TV,0,28.5,3,9.5,0.7737,2.0,2,0,4
25,8,297,Drew Scott,Emma Slater,Media/TV,0,23.5,3,7.833333333333333,-1.0974,-1.67,6,0,4
25,9,297,Drew Scott,Emma Slater,Media/TV,0,24.0,3,8.0,-1.395,0.17,5,0,4
25,10,297,Drew Scott,Emma Slater,Media/TV,0,37.5,4,9.375,-1.3459,1.38,4,1,4
25,1,298,Vanessa Lachey,Maksim Chmerkoskiy,Media/TV,0,21.0,3,7.0,1.0456,0.0,3,0,7
25,2,298,Vanessa Lachey,Maksim Chmerkoskiy,Media/TV,0,23.5,3,7.833333333333333,1.1127,0.83,3,0,7
25,3,298,Vanessa Lachey,Maksim Chmerkoskiy,Media/TV,0,23.0,3,7.666666666666667,0.3672,-0.17,3,0,7
25,4,298,Vanessa Lachey,Maksim Chmerkoskiy,Media/TV,0,24.0,3,8.0,-0.3241,0.33,4,0,7
25,5,298,Vanessa Lachey,Maksim Chmerkoskiy,Media/TV,0,24.0,3,8.0,-0.8352,0.0,8,0,7
25,6,298,Vanessa Lachey,Maksim Chmerkoskiy,Media/TV,0,36.0,4,9.0,0.4264,1.0,4,0,7
25,7,298,Vanessa Lachey,Maksim Chmerkoskiy,Media/TV,0,27.0,3,9.0,0.0595,0.0,4,1,7
26,1,299,Jamie Anderson,Artem Chigvintsev,Sports,1,19.0,3,6.333333333333333,-0.8018,0.0,8,1,10
26,1,300,Johnny Damon,Emma Slater,Sports,1,18.0,3,6.0,-1.2027,0.0,9,1,9
26,1,301,Kareem Abdul-Jabbar,Lindsay Arnold,Sports,1,17.0,3,5.666666666666667,-1.6036,0.0,10,0,8
26,2,301,Kareem Abdul-Jabbar,Lindsay Arnold,Sports,1,29.5,4,7.375,-1.4556,1.71,8,1,8
26,1,302,Arike Ogunbowale,Gleb Savchenko,Sports,1,20.0,3,6.666666666666667,-0.4009,0.0,7,0,7
26,2,302,Arike Ogunbowale,Gleb Savchenko,Sports,1,35.0,4,8.75,0.5776,2.08,3,1,7
26,1,303,Jennie Finch Daigle,Keo Motsepe,Sports,1,21.0,3,7.0,0.0,0.0,5,0,6
26,2,303,Jennie Finch Daigle,Keo Motsepe,Sports,1,31.5,4,7.875,-0.7163,0.88,6,0,6
26,3,303,Jennie Finch Daigle,Keo Motsepe,Sports,1,29.0,4,7.25,-1.4971,-0.62,6,1,6
26,1,304,Chris Mazdzer,Witney Carson,Sports,1,21.0,3,7.0,0.0,0.0,5,0,5
26,2,304,Chris Mazdzer,Witney Carson,Sports,1,33.0,4,8.25,-0.1617,1.25,4,0,5
26,3,304,Chris Mazdzer,Witney Carson,Sports,1,33.0,4,8.25,-0.526,0.0,5,1,5
26,1,305,Mirai Nagasu,Alan Bersten,Sports,1,23.0,3,7.666666666666667,0.8018,0.0,3,0,4
26,2,305,Mirai Nagasu,Alan Bersten,Sports,1,37.0,4,9.25,1.317,1.58,1,0,4
26,3,305,Mirai Nagasu,Alan Bersten,Sports,1,35.0,4,8.75,-0.0405,-0.5,3,1,4
26,1,306,Tonya Harding,Sasha Farber,Sports,1,23.0,3,7.666666666666667,0.8018,0.0,3,0,3
26,2,306,Tonya Harding,Sasha Farber,Sports,1,33.0,4,8.25,-0.1617,0.58,4,0,3
26,3,306,Tonya Harding,Sasha Farber,Sports,1,35.0,4,8.75,-0.0405,0.5,3,0,3
26,4,306,Tonya Harding,Sasha Farber,Sports,1,28.0,3,9.333333333333334,-1.0,0.58,3,0,3
26,1,307,Josh Norman,Sharna Burgess,Sports,1,24.0,3,8.0,1.2027,0.0,1,0,2
26,2,307,Josh Norman,Sharna Burgess,Sports,1,31.5,4,7.875,-0.7163,-0.12,6,0,2
26,3,307,Josh Norman,Sharna Burgess,Sports,1,38.0,4,9.5,0.6879,1.62,2,0,2
26,4,307,Josh Norman,Sharna Burgess,Sports,1,28.5,3,9.5,0.0,0.0,2,0,2
26,1,308,Adam Rippon,Jenna Johnson,Sports,1,24.0,3,8.0,1.2027,0.0,1,0,1
26,2,308,Adam Rippon,Jenna Johnson,Sports,1,37.0,4,9.25,1.317,1.25,1,0,1
26,3,308,Adam Rippon,Jenna Johnson,Sports,1,41.0,4,10.25,1.4162,1.0,1,0,1
26,4,308,Adam Rippon,Jenna Johnson,Sports,1,29.0,3,9.666666666666666,1.0,-0.58,1,0,1
27,1,309,Juan Pablo Di Pace,Cheryl Burke,Acting,0,22.0,3,7.333333333333333,0.9319,0.0,3,0,5
27,2,309,Juan Pablo Di Pace,Cheryl Burke,Acting,0,26.0,3,8.666666666666666,1.1514,1.33,1,0,5
27,3,309,Juan Pablo Di Pace,Cheryl Burke,Acting,0,30.0,3,10.0,1.5711,1.33,1,0,5
27,4,309,Juan Pablo Di Pace,Cheryl Burke,Acting,0,24.0,3,8.0,0.2046,-2.0,5,0,5
27,5,309,Juan Pablo Di Pace,Cheryl Burke,Acting,0,29.0,3,9.666666666666666,1.1283,1.67,1,0,5
27,6,309,Juan Pablo Di Pace,Cheryl Burke,Acting,0,30.0,3,10.0,1.1561,0.33,1,0,5
27,7,309,Juan Pablo Di Pace,Cheryl Burke,Acting,0,28.0,3,9.333333333333334,0.4391,-0.67,3,0,5
27,8,309,Juan Pablo Di Pace,Cheryl Burke,Acting,0,30.0,3,10.0,0.9696,0.67,1,1,5
27,1,310,Evanna Lynch,Keo Motsepe,Acting,0,18.0,3,6.0,-0.6313,0.0,9,0,3
27,2,310,Evanna Lynch,Keo Motsepe,Acting,0,24.0,3,8.0,0.4855,2.0,5,0,3
27,3,310,Evanna Lynch,Keo Motsepe,Acting,0,27.0,3,9.0,0.6924,1.0,2,0,3
27,4,310,Evanna Lynch,Keo Motsepe,Acting,0,24.0,3,8.0,0.2046,-1.0,5,0,3
27,5,310,Evanna Lynch,Keo Motsepe,Acting,0,24.0,3,8.0,-0.1736,0.0,6,0,3
27,6,310,Evanna Lynch,Keo Motsepe,Acting,0,29.0,3,9.666666666666666,0.9023,1.67,3,0,3
27,7,310,Evanna Lynch,Keo Motsepe,Acting,0,29.5,3,9.833333333333334,1.2497,0.17,1,0,3
27,8,310,Evanna Lynch,Keo Motsepe,Acting,0,29.0,3,9.666666666666666,0.6634,-0.17,2,0,3
27,9,310,Evanna Lynch,Keo Motsepe,Acting,0,30.0,3,10.0,0.7833,0.33,1,0,3
27,1,311,Nancy McKeon,Valentin Chmerkovskiy,Acting,1,19.5,3,6.5,-0.0451,0.0,8,0,11
27,2,311,Nancy McKeon,Valentin Chmerkovskiy,Acting,1,20.5,3,6.833333333333333,-0.6798,0.33,9,0,11
27,3,311,Nancy McKeon,Valentin Chmerkovskiy,Acting,1,22.0,3,7.333333333333333,-0.7722,0.5,9,1,11
27,1,312,John Schneider,Emma Slater,Acting,1,18.0,3,6.0,-0.6313,0.0,9,0,8
27,2,312,John Schneider,Emma Slater,Acting,1,21.5,3,7.166666666666667,-0.3468,1.17,8,0,8
27,3,312,John Schneider,Emma Slater,Acting,1,21.0,3,7.0,-1.0652,-0.17,10,0,8
27,4,312,John Schneider,Emma Slater,Acting,1,21.0,3,7.0,-0.5626,0.0,8,0,8
27,5,312,John Schneider,Emma Slater,Acting,1,24.0,3,8.0,-0.1736,1.0,6,0,8
27,6,312,John Schneider,Emma Slater,Acting,1,19.0,3,6.333333333333333,-1.6354,-1.67,9,0,8
27,7,312,John Schneider,Emma Slater,Acting,1,27.0,3,9.0,-0.1013,2.67,5,1,8
27,1,313,Milo Manheim,Witney Carson,Acting,1,20.0,3,6.666666666666667,0.1503,0.0,5,0,2
27,2,313,Milo Manheim,Witney Carson,Acting,1,26.0,3,8.666666666666666,1.1514,2.0,1,0,2
27,3,313,Milo Manheim,Witney Carson,Acting,1,27.0,3,9.0,0.6924,0.33,2,0,2
27,4,313,Milo Manheim,Witney Carson,Acting,1,29.0,3,9.666666666666666,1.4833,0.67,1,0,2
27,5,313,Milo Manheim,Witney Carson,Acting,1,27.0,3,9.0,0.6075,-0.67,3,0,2
27,6,313,Milo Manheim,Witney Carson,Acting,1,30.0,3,10.0,1.1561,1.0,1,0,2
27,7,313,Milo Manheim,Witney Carson,Acting,1,29.0,3,9.666666666666666,0.9795,-0.33,2,0,2
27,8,313,Milo Manheim,Witney Carson,Acting,1,27.5,3,9.166666666666666,0.2041,-0.5,4,0,2
27,9,313,Milo Manheim,Witney Carson,Acting,1,30.0,3,10.0,0.7833,0.83,1,0,2
27,1,314,Danelle Umstead,Artem Chigvintsev,Sports,1,18.0,3,6.0,-0.6313,0.0,9,0,12
27,2,314,Danelle Umstead,Artem Chigvintsev,Sports,1,18.5,3,6.166666666666667,-1.3457,0.17,11,1,12
27,1,315,Mary Lou Retton,Sasha Farber,Sports,1,20.0,3,6.666666666666667,0.1503,0.0,5,0,9
27,2,315,Mary Lou Retton,Sasha Farber,Sports,1,23.0,3,7.666666666666667,0.1526,1.0,7,0,9
27,3,315,Mary Lou Retton,Sasha Farber,Sports,1,24.0,3,8.0,-0.1864,0.33,7,0,9
27,4,315,Mary Lou Retton,Sasha Farber,Sports,1,26.0,3,8.666666666666666,0.7161,0.67,2,0,9
27,5,315,Mary Lou Retton,Sasha Farber,Sports,1,25.0,3,8.333333333333334,0.0868,-0.33,5,0,9
27,6,315,Mary Lou Retton,Sasha Farber,Sports,1,24.0,3,8.0,-0.3666,-0.33,6,1,9
27,1,316,DeMarcus Ware,Lindsay Arnold,Sports,1,23.0,3,7.666666666666667,1.3227,0.0,1,0,7
27,2,316,DeMarcus Ware,Lindsay Arnold,Sports,1,23.5,3,7.833333333333333,0.3191,0.17,6,0,7
27,3,316,DeMarcus Ware,Lindsay Arnold,Sports,1,26.0,3,8.666666666666666,0.3994,0.83,5,0,7
27,4,316,DeMarcus Ware,Lindsay Arnold,Sports,1,22.0,3,7.333333333333333,-0.3069,-1.33,7,0,7
27,5,316,DeMarcus Ware,Lindsay Arnold,Sports,1,26.0,3,8.666666666666666,0.3472,1.33,4,0,7
27,6,316,DeMarcus Ware,Lindsay Arnold,Sports,1,26.0,3,8.666666666666666,0.141,0.0,5,0,7
27,7,316,DeMarcus Ware,Lindsay Arnold,Sports,1,26.5,3,8.833333333333334,-0.3715,0.17,6,1,7
27,1,317,Nikki Glaser,Gleb Savchenko,Comedy,1,17.5,3,5.833333333333333,-0.8267,0.0,12,1,13
27,1,318,Bobby Bones,Sharna Burgess,Media/TV,1,20.0,3,6.666666666666667,0.1503,0.0,5,0,1
27,2,318,Bobby Bones,Sharna Burgess,Media/TV,1,19.5,3,6.5,-1.0127,-0.17,10,0,1
27,3,318,Bobby Bones,Sharna Burgess,Media/TV,1,23.0,3,7.666666666666667,-0.4793,1.17,8,0,1
27,4,318,Bobby Bones,Sharna Burgess,Media/TV,1,20.0,3,6.666666666666667,-0.8184,-1.0,9,0,1
27,5,318,Bobby Bones,Sharna Burgess,Media/TV,1,21.0,3,7.0,-0.9547,0.33,8,0,1
27,6,318,Bobby Bones,Sharna Burgess,Media/TV,1,22.0,3,7.333333333333333,-0.8741,0.33,7,0,1
27,7,318,Bobby Bones,Sharna Burgess,Media/TV,1,26.5,3,8.833333333333334,-0.3715,1.5,6,0,1
27,8,318,Bobby Bones,Sharna Burgess,Media/TV,1,22.5,3,7.5,-1.3268,-1.33,6,0,1
27,9,318,Bobby Bones,Sharna Burgess,Media/TV,1,27.0,3,9.0,-1.3056,1.5,4,0,1
27,1,319,Tinashe,Brandon Armstrong,Music,1,23.0,3,7.666666666666667,1.3227,0.0,1,0,10
27,2,319,Tinashe,Brandon Armstrong,Music,1,26.0,3,8.666666666666666,1.1514,1.0,1,0,10
27,3,319,Tinashe,Brandon Armstrong,Music,1,27.0,3,9.0,0.6924,0.33,2,0,10
27,4,319,Tinashe,Brandon Armstrong,Music,1,26.0,3,8.666666666666666,0.7161,-0.33,2,1,10
27,1,320,Alexis Ren,Alan Bersten,Media/TV,1,22.0,3,7.333333333333333,0.9319,0.0,3,0,4
27,2,320,Alexis Ren,Alan Bersten,Media/TV,1,24.5,3,8.166666666666666,0.652,0.83,4,0,4
27,3,320,Alexis Ren,Alan Bersten,Media/TV,1,26.0,3,8.666666666666666,0.3994,0.5,5,0,4
27,4,320,Alexis Ren,Alan Bersten,Media/TV,1,25.0,3,8.333333333333334,0.4603,-0.33,4,0,4
27,5,320,Alexis Ren,Alan Bersten,Media/TV,1,29.0,3,9.666666666666666,1.1283,1.33,1,0,4
27,6,320,Alexis Ren,Alan Bersten,Media/TV,1,27.0,3,9.0,0.3948,-0.67,4,0,4
27,7,320,Alexis Ren,Alan Bersten,Media/TV,1,27.5,3,9.166666666666666,0.1689,0.17,4,0,4
27,8,320,Alexis Ren,Alan Bersten,Media/TV,1,29.0,3,9.666666666666666,0.6634,0.5,2,0,4
27,9,320,Alexis Ren,Alan Bersten,Media/TV,1,28.5,3,9.5,-0.2611,-0.17,3,0,4
27,1,321,Joe Amabile,Jenna Johnson,Media/TV,1,14.0,3,4.666666666666667,-2.1944,0.0,13,0,6
27,2,321,Joe Amabile,Jenna Johnson,Media/TV,1,17.5,3,5.833333333333333,-1.6786,1.17,12,0,6
27,3,321,Joe Amabile,Jenna Johnson,Media/TV,1,18.0,3,6.0,-1.9439,0.17,11,0,6
27,4,321,Joe Amabile,Jenna Johnson,Media/TV,1,15.0,3,5.0,-2.0971,-1.0,10,0,6
27,5,321,Joe Amabile,Jenna Johnson,Media/TV,1,17.0,3,5.666666666666667,-1.9962,0.67,9,0,6
27,6,321,Joe Amabile,Jenna Johnson,Media/TV,1,22.0,3,7.333333333333333,-0.8741,1.67,7,0,6
27,7,321,Joe Amabile,Jenna Johnson,Media/TV,1,23.5,3,7.833333333333333,-1.9928,0.5,8,0,6
27,8,321,Joe Amabile,Jenna Johnson,Media/TV,1,23.0,3,7.666666666666667,-1.1737,-0.17,5,1,6
28,1,322,Kate Flannery,Pasha Pashkov,Acting,1,15.0,3,5.0,-0.4773,0.0,9,0,7
28,2,322,Kate Flannery,Pasha Pashkov,Acting,1,21.0,3,7.0,0.8459,2.0,2,0,7
28,3,322,Kate Flannery,Pasha Pashkov,Acting,1,24.0,3,8.0,1.0101,1.0,1,0,7
28,4,322,Kate Flannery,Pasha Pashkov,Acting,1,26.0,4,6.5,-0.4793,-1.5,8,0,7
28,5,322,Kate Flannery,Pasha Pashkov,Acting,1,24.0,3,8.0,0.0432,1.5,5,0,7
28,6,322,Kate Flannery,Pasha Pashkov,Acting,1,27.0,3,9.0,0.8607,1.0,1,0,7
28,7,322,Kate Flannery,Pasha Pashkov,Acting,1,24.0,3,8.0,-0.6038,-1.0,7,0,7
28,8,322,Kate Flannery,Pasha Pashkov,Acting,1,25.9998,3,8.6666,-0.3579,0.67,5,1,7
28,1,323,James Van Der Beek,Emma Slater,Acting,1,21.0,3,7.0,1.5441,0.0,1,0,5
28,2,323,James Van Der Beek,Emma Slater,Acting,1,20.0,3,6.666666666666667,0.5383,-0.33,3,0,5
28,3,323,James Van Der Beek,Emma Slater,Acting,1,23.0,3,7.666666666666667,0.7696,1.0,3,0,5
28,4,323,James Van Der Beek,Emma Slater,Acting,1,28.0,4,7.0,-0.0436,-0.67,6,0,5
28,5,323,James Van Der Beek,Emma Slater,Acting,1,26.0,3,8.666666666666666,0.8211,1.67,2,0,5
28,6,323,James Van Der Beek,Emma Slater,Acting,1,27.0,3,9.0,0.8607,0.33,1,0,5
28,7,323,James Van Der Beek,Emma Slater,Acting,1,27.0,3,9.0,0.8453,0.0,1,0,5
28,8,323,James Van Der Beek,Emma Slater,Acting,1,31.9998,3,10.6666,1.0084,1.67,1,0,5
28,9,323,James Van Der Beek,Emma Slater,Acting,1,36.0,4,9.0,0.2453,-1.67,3,0,5
28,10,323,James Van Der Beek,Emma Slater,Acting,1,25.5,3,8.5,-1.2978,-0.5,5,1,5
28,1,324,Kel Mitchell,Witney Carson,Acting,1,16.0,3,5.333333333333333,-0.1404,0.0,7,0,2
28,2,324,Kel Mitchell,Witney Carson,Acting,1,20.0,3,6.666666666666667,0.5383,1.33,3,0,2
28,3,324,Kel Mitchell,Witney Carson,Acting,1,20.0,3,6.666666666666667,0.0481,0.0,6,0,2
28,4,324,Kel Mitchell,Witney Carson,Acting,1,32.0,4,8.0,0.8279,1.33,1,0,2
28,5,324,Kel Mitchell,Witney Carson,Acting,1,26.0,3,8.666666666666666,0.8211,0.67,2,0,2
28,6,324,Kel Mitchell,Witney Carson,Acting,1,26.0,3,8.666666666666666,0.3443,0.0,4,0,2
28,7,324,Kel Mitchell,Witney Carson,Acting,1,25.5,3,8.5,0.1208,-0.17,5,0,2
28,8,324,Kel Mitchell,Witney Carson,Acting,1,29.9998,3,9.999933333333335,0.553,1.5,4,0,2
28,9,324,Kel Mitchell,Witney Carson,Acting,1,37.0,4,9.25,0.4415,-0.75,2,0,2
28,10,324,Kel Mitchell,Witney Carson,Acting,1,28.5,3,9.5,0.6489,0.25,2,0,2
28,11,324,Kel Mitchell,Witney Carson,Acting,1,29.5,3,9.833333333333334,0.3873,0.33,2,0,2
28,1,325,Ray Lewis,Cheryl Burke,Sports,1,15.0,3,5.0,-0.4773,0.0,9,0,11
28,2,325,Ray Lewis,Cheryl Burke,Sports,1,15.0,3,5.0,-0.9997,0.0,10,0,11
28,1,326,Lamar Odom,Peta Murgatroyd,Sports,1,11.0,3,3.6666666666666665,-1.8249,0.0,12,0,10
28,2,326,Lamar Odom,Peta Murgatroyd,Sports,1,12.0,3,4.0,-1.9226,0.33,12,0,10
28,3,326,Lamar Odom,Peta Murgatroyd,Sports,1,12.0,3,4.0,-1.8759,0.0,10,0,10
28,4,326,Lamar Odom,Peta Murgatroyd,Sports,1,20.0,4,5.0,-1.7866,1.0,10,1,10
28,1,327,Sailor Brinkley-Cook,Valentin Chmerkovskiy,Model,1,18.0,3,6.0,0.5334,0.0,4,0,9
28,2,327,Sailor Brinkley-Cook,Valentin Chmerkovskiy,Model,1,18.0,3,6.0,-0.0769,0.0,8,0,9
28,3,327,Sailor Brinkley-Cook,Valentin Chmerkovskiy,Model,1,23.0,3,7.666666666666667,0.7696,1.67,3,0,9
28,4,327,Sailor Brinkley-Cook,Valentin Chmerkovskiy,Model,1,31.0,4,7.75,0.61,0.08,5,0,9
28,5,327,Sailor Brinkley-Cook,Valentin Chmerkovskiy,Model,1,24.0,3,8.0,0.0432,0.25,5,0,9
28,6,327,Sailor Brinkley-Cook,Valentin Chmerkovskiy,Model,1,27.0,3,9.0,0.8607,1.0,1,1,9
28,1,328,Sean Spicer,Lindsay Arnold,Politics,1,12.0,3,4.0,-1.488,0.0,11,0,6
28,2,328,Sean Spicer,Lindsay Arnold,Politics,1,16.0,3,5.333333333333333,-0.6921,1.33,9,0,6
28,3,328,Sean Spicer,Lindsay Arnold,Politics,1,15.0,3,5.0,-1.1544,-0.33,9,0,6
28,4,328,Sean Spicer,Lindsay Arnold,Politics,1,21.0,4,5.25,-1.5687,0.25,9,0,6
28,5,328,Sean Spicer,Lindsay Arnold,Politics,1,19.0,3,6.333333333333333,-1.9014,1.08,9,0,6
28,6,328,Sean Spicer,Lindsay Arnold,Politics,1,21.0,3,7.0,-2.2377,0.67,9,0,6
28,7,328,Sean Spicer,Lindsay Arnold,Politics,1,21.0,3,7.0,-2.0529,0.0,8,0,6
28,8,328,Sean Spicer,Lindsay Arnold,Politics,1,20.0,3,6.666666666666667,-1.7241,-0.33,7,0,6
28,9,328,Sean Spicer,Lindsay Arnold,Politics,1,25.0,4,6.25,-1.9131,-0.42,6,1,6
28,1,329,Mary Wilson,Brandon Armstrong,Music,1,17.0,3,5.666666666666667,0.1965,0.0,5,0,12
28,2,329,Mary Wilson,Brandon Armstrong,Music,1,15.0,3,5.0,-0.9997,-0.67,10,1,12
28,1,330,Lauren Alaina,Gleb Savchenko,Music,1,19.0,3,6.333333333333333,0.8703,0.0,3,0,4
28,2,330,Lauren Alaina,Gleb Savchenko,Music,1,19.0,3,6.333333333333333,0.2307,0.0,6,0,4
28,3,330,Lauren Alaina,Gleb Savchenko,Music,1,20.0,3,6.666666666666667,0.0481,0.33,6,0,4
28,4,330,Lauren Alaina,Gleb Savchenko,Music,1,32.0,4,8.0,0.8279,1.33,1,0,4
28,5,330,Lauren Alaina,Gleb Savchenko,Music,1,23.0,3,7.666666666666667,-0.3457,-0.33,7,0,4
28,6,330,Lauren Alaina,Gleb Savchenko,Music,1,26.0,3,8.666666666666666,0.3443,1.0,4,0,4
28,7,330,Lauren Alaina,Gleb Savchenko,Music,1,27.0,3,9.0,0.8453,0.33,1,0,4
28,8,330,Lauren Alaina,Gleb Savchenko,Music,1,24.0,3,8.0,-0.8132,-1.0,6,0,4
28,9,330,Lauren Alaina,Gleb Savchenko,Music,1,35.0,4,8.75,0.0491,0.75,5,0,4
28,10,330,Lauren Alaina,Gleb Savchenko,Music,1,27.0,3,9.0,-0.3244,0.25,3,0,4
28,11,330,Lauren Alaina,Gleb Savchenko,Music,1,28.5,3,9.5,-1.1619,0.5,4,0,4
28,1,331,Ally Brooke,Sasha Farber,Music,1,16.0,3,5.333333333333333,-0.1404,0.0,7,0,3
28,2,331,Ally Brooke,Sasha Farber,Music,1,20.0,3,6.666666666666667,0.5383,1.33,3,0,3
28,3,331,Ally Brooke,Sasha Farber,Music,1,24.0,3,8.0,1.0101,1.33,1,0,3
28,4,331,Ally Brooke,Sasha Farber,Music,1,32.0,4,8.0,0.8279,0.0,1,0,3
28,5,331,Ally Brooke,Sasha Farber,Music,1,27.0,3,9.0,1.21,1.0,1,0,3
28,6,331,Ally Brooke,Sasha Farber,Music,1,25.0,3,8.333333333333334,-0.1721,-0.67,6,0,3
28,7,331,Ally Brooke,Sasha Farber,Music,1,27.0,3,9.0,0.8453,0.67,1,0,3
28,8,331,Ally Brooke,Sasha Farber,Music,1,30.0,3,10.0,0.553,1.0,3,0,3
28,9,331,Ally Brooke,Sasha Farber,Music,1,40.0,4,10.0,1.0301,0.0,1,0,3
28,10,331,Ally Brooke,Sasha Farber,Music,1,29.5,3,9.833333333333334,1.2978,-0.17,1,0,3
28,11,331,Ally Brooke,Sasha Farber,Music,1,30.0,3,10.0,1.1619,0.17,1,0,3
28,1,332,Karamo Brown,Jenna Johnson,Media/TV,1,17.0,3,5.666666666666667,0.1965,0.0,5,0,8
28,2,332,Karamo Brown,Jenna Johnson,Media/TV,1,19.0,3,6.333333333333333,0.2307,0.67,6,0,8
28,3,332,Karamo Brown,Jenna Johnson,Media/TV,1,16.0,3,5.333333333333333,-0.9139,-1.0,8,0,8
28,4,332,Karamo Brown,Jenna Johnson,Media/TV,1,28.0,4,7.0,-0.0436,1.67,6,0,8
28,5,332,Karamo Brown,Jenna Johnson,Media/TV,1,21.0,3,7.0,-1.1236,0.0,8,0,8
28,6,332,Karamo Brown,Jenna Johnson,Media/TV,1,25.0,3,8.333333333333334,-0.1721,1.33,6,0,8
28,7,332,Karamo Brown,Jenna Johnson,Media/TV,1,24.5,3,8.166666666666666,-0.3623,-0.17,6,1,8
28,1,333,Hannah Brown,Alan Bersten,Media/TV,1,20.0,3,6.666666666666667,1.2072,0.0,2,0,1
28,2,333,Hannah Brown,Alan Bersten,Media/TV,1,24.0,3,8.0,1.7688,1.33,1,0,1
28,3,333,Hannah Brown,Alan Bersten,Media/TV,1,21.0,3,7.0,0.2886,-1.0,5,0,1
28,4,333,Hannah Brown,Alan Bersten,Media/TV,1,32.0,4,8.0,0.8279,1.0,1,0,1
28,5,333,Hannah Brown,Alan Bersten,Media/TV,1,25.0,3,8.333333333333334,0.4321,0.33,4,0,1
28,6,333,Hannah Brown,Alan Bersten,Media/TV,1,24.0,3,8.0,-0.6885,-0.33,8,0,1
28,7,333,Hannah Brown,Alan Bersten,Media/TV,1,26.0,3,8.666666666666666,0.3623,0.67,4,0,1
28,8,333,Hannah Brown,Alan Bersten,Media/TV,1,30.9998,3,10.333266666666667,0.7807,1.67,2,0,1
28,9,333,Hannah Brown,Alan Bersten,Media/TV,1,35.5,4,8.875,0.1472,-1.46,4,0,1
28,10,333,Hannah Brown,Alan Bersten,Media/TV,1,27.0,3,9.0,-0.3244,0.12,3,0,1
28,11,333,Hannah Brown,Alan Bersten,Media/TV,1,29.0,3,9.666666666666666,-0.3873,0.67,3,0,1
29,1,334,Anne Heche,Keo Motsepe,Acting,1,18.0,3,6.0,0.2144,0.0,6,0,13
29,2,334,Anne Heche,Keo Motsepe,Acting,1,18.0,3,6.0,-0.0933,0.0,6,0,13
29,3,334,Anne Heche,Keo Motsepe,Acting,1,15.0,3,5.0,-1.4786,-1.0,13,0,13
29,4,334,Anne Heche,Keo Motsepe,Acting,1,21.0,3,7.0,-1.0377,2.0,10,1,13
29,1,335,Jesse Metcalfe,Sharna Burgess,Acting,1,18.0,3,6.0,0.2144,0.0,6,0,12
29,2,335,Jesse Metcalfe,Sharna Burgess,Acting,1,20.0,3,6.666666666666667,0.8393,0.67,4,0,12
29,3,335,Jesse Metcalfe,Sharna Burgess,Acting,1,20.0,3,6.666666666666667,-0.0208,0.0,9,0,12
29,4,335,Jesse Metcalfe,Sharna Burgess,Acting,1,21.0,3,7.0,-1.0377,0.33,10,0,12
29,5,335,Jesse Metcalfe,Sharna Burgess,Acting,1,19.0,3,6.333333333333333,-1.6233,-0.67,11,1,12
29,1,336,Chrishell Stause,Gleb Savchenko,Acting,1,13.0,3,4.333333333333333,-1.3937,0.0,13,0,8
29,2,336,Chrishell Stause,Gleb Savchenko,Acting,1,18.0,3,6.0,-0.0933,1.67,6,0,8
29,3,336,Chrishell Stause,Gleb Savchenko,Acting,1,22.0,3,7.333333333333333,0.5623,1.33,4,0,8
29,4,336,Chrishell Stause,Gleb Savchenko,Acting,1,22.0,3,7.333333333333333,-0.5559,0.0,8,0,8
29,5,336,Chrishell Stause,Gleb Savchenko,Acting,1,19.0,3,6.333333333333333,-1.6233,-1.0,11,0,8
29,6,336,Chrishell Stause,Gleb Savchenko,Acting,1,24.0,3,8.0,-0.1222,1.67,7,0,8
29,7,336,Chrishell Stause,Gleb Savchenko,Acting,1,26.0,3,8.666666666666666,0.0,0.67,5,0,8
29,8,336,Chrishell Stause,Gleb Savchenko,Acting,1,27.0,3,9.0,-0.3784,0.33,5,1,8
29,1,337,Skai Jackson,Alan Bersten,Acting,1,21.0,3,7.0,1.1793,0.0,1,0,5
29,2,337,Skai Jackson,Alan Bersten,Acting,1,15.0,3,5.0,-1.492,-2.0,14,0,5
29,3,337,Skai Jackson,Alan Bersten,Acting,1,18.0,3,6.0,-0.6039,1.0,11,0,5
29,4,337,Skai Jackson,Alan Bersten,Acting,1,28.0,3,9.333333333333334,2.3349,3.33,1,0,5
29,5,337,Skai Jackson,Alan Bersten,Acting,1,24.0,3,8.0,0.0275,-1.33,5,0,5
29,6,337,Skai Jackson,Alan Bersten,Acting,1,18.0,3,6.0,-2.1386,-2.0,11,0,5
29,7,337,Skai Jackson,Alan Bersten,Acting,1,27.0,3,9.0,0.4743,3.0,2,0,5
29,8,337,Skai Jackson,Alan Bersten,Acting,1,26.9998,3,8.999933333333335,-0.3785,-0.0,7,0,5
29,9,337,Skai Jackson,Alan Bersten,Acting,1,28.9998,3,9.6666,0.5698,0.67,3,0,5
29,10,337,Skai Jackson,Alan Bersten,Acting,1,28.5,3,9.5,-0.5976,-0.17,4,1,5
29,1,338,Justina Machado,Sasha Farber,Acting,1,21.0,3,7.0,1.1793,0.0,1,0,4
29,2,338,Justina Machado,Sasha Farber,Acting,1,21.0,3,7.0,1.3055,0.0,2,0,4
29,3,338,Justina Machado,Sasha Farber,Acting,1,19.0,3,6.333333333333333,-0.3124,-0.67,10,0,4
29,4,338,Justina Machado,Sasha Farber,Acting,1,24.0,3,8.0,0.4077,1.67,3,0,4
29,5,338,Justina Machado,Sasha Farber,Acting,1,24.0,3,8.0,0.0275,0.0,5,0,4
29,6,338,Justina Machado,Sasha Farber,Acting,1,27.0,3,9.0,0.886,1.0,1,0,4
29,7,338,Justina Machado,Sasha Farber,Acting,1,26.0,3,8.666666666666666,0.0,-0.33,5,0,4
29,8,338,Justina Machado,Sasha Farber,Acting,1,28.9998,3,9.6666,0.6306,1.0,3,0,4
29,9,338,Justina Machado,Sasha Farber,Acting,1,25.9998,3,8.6666,-0.6268,-1.0,5,0,4
29,10,338,Justina Machado,Sasha Farber,Acting,1,29.0,3,9.666666666666666,0.0,1.0,3,0,4
29,11,338,Justina Machado,Sasha Farber,Acting,1,30.0,3,10.0,0.5,0.33,1,0,4
29,1,339,Charles Oakley,Emma Slater,Sports,1,12.0,3,4.0,-1.7154,0.0,14,0,15
29,2,339,Charles Oakley,Emma Slater,Sports,1,15.0,3,5.0,-1.492,1.0,14,1,15
29,1,340,Veron Davis,Peta Murgatroyd,Sports,1,17.0,3,5.666666666666667,-0.1072,0.0,11,0,11
29,2,340,Veron Davis,Peta Murgatroyd,Sports,1,18.0,3,6.0,-0.0933,0.33,6,0,11
29,3,340,Veron Davis,Peta Murgatroyd,Sports,1,22.0,3,7.333333333333333,0.5623,1.33,4,0,11
29,4,340,Veron Davis,Peta Murgatroyd,Sports,1,22.0,3,7.333333333333333,-0.5559,0.0,8,0,11
29,5,340,Veron Davis,Peta Murgatroyd,Sports,1,21.0,3,7.0,-0.9629,-0.33,10,0,11
29,6,340,Veron Davis,Peta Murgatroyd,Sports,1,21.0,3,7.0,-1.1304,0.0,10,1,11
29,1,341,Johnny Weir,Britt Stewart,Sports,1,18.0,3,6.0,0.2144,0.0,6,0,6
29,2,341,Johnny Weir,Britt Stewart,Sports,1,18.0,3,6.0,-0.0933,0.0,6,0,6
29,3,341,Johnny Weir,Britt Stewart,Sports,1,24.0,3,8.0,1.1454,2.0,1,0,6
29,4,341,Johnny Weir,Britt Stewart,Sports,1,24.0,3,8.0,0.4077,0.0,3,0,6
29,5,341,Johnny Weir,Britt Stewart,Sports,1,29.0,3,9.666666666666666,1.6783,1.67,1,0,6
29,6,341,Johnny Weir,Britt Stewart,Sports,1,22.0,3,7.333333333333333,-0.7943,-2.33,9,0,6
29,7,341,Johnny Weir,Britt Stewart,Sports,1,27.0,3,9.0,0.4743,1.67,2,0,6
29,8,341,Johnny Weir,Britt Stewart,Sports,1,30.0,3,10.0,1.1352,1.0,1,0,6
29,9,341,Johnny Weir,Britt Stewart,Sports,1,30.0,3,10.0,0.9687,0.0,1,0,6
29,10,341,Johnny Weir,Britt Stewart,Sports,1,28.5,3,9.5,-0.5976,-0.5,4,1,6
29,1,342,Nev Schulman,Jenna Johnson,Other,1,20.0,3,6.666666666666667,0.8577,0.0,3,0,2
29,2,342,Nev Schulman,Jenna Johnson,Other,1,21.0,3,7.0,1.3055,0.33,2,0,2
29,3,342,Nev Schulman,Jenna Johnson,Other,1,24.0,3,8.0,1.1454,1.0,1,0,2
29,4,342,Nev Schulman,Jenna Johnson,Other,1,24.0,3,8.0,0.4077,0.0,3,0,2
29,5,342,Nev Schulman,Jenna Johnson,Other,1,26.0,3,8.666666666666666,0.6878,0.67,3,0,2
29,6,342,Nev Schulman,Jenna Johnson,Other,1,26.0,3,8.666666666666666,0.5499,0.0,5,0,2
29,7,342,Nev Schulman,Jenna Johnson,Other,1,30.0,3,10.0,1.8974,1.33,1,0,2
29,8,342,Nev Schulman,Jenna Johnson,Other,1,30.0,3,10.0,1.1352,0.0,1,0,2
29,9,342,Nev Schulman,Jenna Johnson,Other,1,28.9998,3,9.6666,0.5698,-0.33,3,0,2
29,10,342,Nev Schulman,Jenna Johnson,Other,1,30.0,3,10.0,1.1952,0.33,1,0,2
29,11,342,Nev Schulman,Jenna Johnson,Other,1,30.0,3,10.0,0.5,0.0,1,0,2
29,1,343,AJ McLean,Cheryl Burke,Music,1,18.0,3,6.0,0.2144,0.0,6,0,7
29,2,343,AJ McLean,Cheryl Burke,Music,1,19.0,3,6.333333333333333,0.373,0.33,5,0,7
29,3,343,AJ McLean,Cheryl Burke,Music,1,21.0,3,7.0,0.2707,0.67,7,0,7
29,4,343,AJ McLean,Cheryl Burke,Music,1,24.0,3,8.0,0.4077,1.0,3,0,7
29,5,343,AJ McLean,Cheryl Burke,Music,1,24.0,3,8.0,0.0275,0.0,5,0,7
29,6,343,AJ McLean,Cheryl Burke,Music,1,27.0,3,9.0,0.886,1.0,1,0,7
29,7,343,AJ McLean,Cheryl Burke,Music,1,26.0,3,8.666666666666666,0.0,-0.33,5,0,7
29,8,343,AJ McLean,Cheryl Burke,Music,1,27.0,3,9.0,-0.3784,0.33,5,0,7
29,9,343,AJ McLean,Cheryl Burke,Music,1,24.9998,3,8.333266666666667,-1.0257,-0.67,6,1,7
29,1,344,Nelly,Daniella Karagach,Music,1,16.0,3,5.333333333333333,-0.4288,0.0,12,0,3
29,2,344,Nelly,Daniella Karagach,Music,1,18.0,3,6.0,-0.0933,0.67,6,0,3
29,3,344,Nelly,Daniella Karagach,Music,1,18.0,3,6.0,-0.6039,0.0,11,0,3
29,4,344,Nelly,Daniella Karagach,Music,1,21.0,3,7.0,-1.0377,1.0,10,0,3
29,5,344,Nelly,Daniella Karagach,Music,1,24.0,3,8.0,0.0275,1.0,5,0,3
29,6,344,Nelly,Daniella Karagach,Music,1,24.0,3,8.0,-0.1222,0.0,7,0,3
29,7,344,Nelly,Daniella Karagach,Music,1,27.0,3,9.0,0.4743,1.0,2,0,3
29,8,344,Nelly,Daniella Karagach,Music,1,24.0,3,8.0,-1.892,-1.0,8,0,3
29,9,344,Nelly,Daniella Karagach,Music,1,24.0,3,8.0,-1.4245,0.0,7,0,3
29,10,344,Nelly,Daniella Karagach,Music,1,28.0,3,9.333333333333334,-1.1952,1.33,6,0,3
29,11,344,Nelly,Daniella Karagach,Music,1,28.5,3,9.5,-1.5,0.17,4,0,3
29,1,345,Kaitlyn Bristowe,Artem Chigvintsev,Media/TV,0,20.0,3,6.666666666666667,0.8577,0.0,3,0,1
29,2,345,Kaitlyn Bristowe,Artem Chigvintsev,Media/TV,0,22.0,3,7.333333333333333,1.7718,0.67,1,0,1
29,3,345,Kaitlyn Bristowe,Artem Chigvintsev,Media/TV,0,23.0,3,7.666666666666667,0.8539,0.33,3,0,1
29,4,345,Kaitlyn Bristowe,Artem Chigvintsev,Media/TV,0,25.0,3,8.333333333333334,0.8895,0.67,2,0,1
29,5,345,Kaitlyn Bristowe,Artem Chigvintsev,Media/TV,0,27.0,3,9.0,1.018,0.67,2,0,1
29,6,345,Kaitlyn Bristowe,Artem Chigvintsev,Media/TV,0,27.0,3,9.0,0.886,0.0,1,0,1
29,7,345,Kaitlyn Bristowe,Artem Chigvintsev,Media/TV,0,24.0,3,8.0,-0.9487,-1.0,9,0,1
29,8,345,Kaitlyn Bristowe,Artem Chigvintsev,Media/TV,0,28.0,3,9.333333333333334,0.1262,1.33,4,0,1
29,9,345,Kaitlyn Bristowe,Artem Chigvintsev,Media/TV,0,30.0,3,10.0,0.9687,0.67,1,0,1
29,10,345,Kaitlyn Bristowe,Artem Chigvintsev,Media/TV,0,30.0,3,10.0,1.1952,0.0,1,0,1
29,11,345,Kaitlyn Bristowe,Artem Chigvintsev,Media/TV,0,30.0,3,10.0,0.5,0.0,1,0,1
29,1,346,Carole Baskin,Pasha Pashkov,Media/TV,1,11.0,3,3.6666666666666665,-2.037,0.0,15,0,14
29,2,346,Carole Baskin,Pasha Pashkov,Media/TV,1,16.0,3,5.333333333333333,-1.0258,1.67,12,0,14
29,3,346,Carole Baskin,Pasha Pashkov,Media/TV,1,12.0,3,4.0,-2.3533,-1.33,14,1,14
29,1,347,Monica Aldama,Valentin Chmerkovskiy,Media/TV,1,19.0,3,6.333333333333333,0.5361,0.0,5,0,10
29,2,347,Monica Aldama,Valentin Chmerkovskiy,Media/TV,1,16.0,3,5.333333333333333,-1.0258,-1.0,12,0,10
29,3,347,Monica Aldama,Valentin Chmerkovskiy,Media/TV,1,21.0,3,7.0,0.2707,1.67,7,0,10
29,4,347,Monica Aldama,Valentin Chmerkovskiy,Media/TV,1,24.0,3,8.0,0.4077,1.0,3,0,10
29,5,347,Monica Aldama,Valentin Chmerkovskiy,Media/TV,1,26.0,3,8.666666666666666,0.6878,0.67,3,0,10
29,6,347,Monica Aldama,Valentin Chmerkovskiy,Media/TV,1,27.0,3,9.0,0.886,0.33,1,0,10
29,7,347,Monica Aldama,Valentin Chmerkovskiy,Media/TV,1,22.0,3,7.333333333333333,-1.8974,-1.67,10,1,10
29,1,348,Jeannie Mai,Brandon Armstrong,Media/TV,1,18.0,3,6.0,0.2144,0.0,6,0,9
29,2,348,Jeannie Mai,Brandon Armstrong,Media/TV,1,18.0,3,6.0,-0.0933,0.0,6,0,9
29,3,348,Jeannie Mai,Brandon Armstrong,Media/TV,1,22.0,3,7.333333333333333,0.5623,1.33,4,0,9
29,4,348,Jeannie Mai,Brandon Armstrong,Media/TV,1,21.0,3,7.0,-1.0377,-0.33,10,0,9
29,5,348,Jeannie Mai,Brandon Armstrong,Media/TV,1,24.0,3,8.0,0.0275,1.0,5,0,9
29,6,348,Jeannie Mai,Brandon Armstrong,Media/TV,1,25.0,3,8.333333333333334,0.2139,0.33,6,0,9
29,7,348,Jeannie Mai,Brandon Armstrong,Media/TV,1,25.0,3,8.333333333333334,-0.4743,0.0,8,0,9
30,1,349,Martin Kove,Britt Stewart,Acting,1,13.0,4,3.25,-2.9604,0.0,15,0,15
30,2,349,Martin Kove,Britt Stewart,Acting,1,15.0,4,3.75,-2.5691,0.5,15,1,15
30,1,350,Brian Austin Green,Sharna Burgess,Acting,1,24.0,4,6.0,-0.1039,0.0,9,0,13
30,2,350,Brian Austin Green,Sharna Burgess,Acting,1,23.0,4,5.75,-0.6423,-0.25,13,0,13
30,3,350,Brian Austin Green,Sharna Burgess,Acting,1,19.0,3,6.333333333333333,-1.1556,0.58,12,0,13
30,4,350,Brian Austin Green,Sharna Burgess,Acting,1,26.0,4,6.5,-1.9943,0.17,13,1,13
30,1,351,Melora Hardin,Artem Chigvintsev,Acting,1,26.0,4,6.5,0.4155,0.0,5,0,6
30,2,351,Melora Hardin,Artem Chigvintsev,Acting,1,27.0,4,6.75,0.3211,0.25,5,0,6
30,3,351,Melora Hardin,Artem Chigvintsev,Acting,1,23.0,3,7.666666666666667,0.8667,0.92,4,0,6
30,4,351,Melora Hardin,Artem Chigvintsev,Acting,1,36.5,4,9.125,1.4515,1.46,1,0,6
30,5,351,Melora Hardin,Artem Chigvintsev,Acting,1,36.0,4,9.0,0.2962,-0.12,3,0,6
30,6,351,Melora Hardin,Artem Chigvintsev,Acting,1,34.0,4,8.5,-0.9115,-0.5,8,0,6
30,7,351,Melora Hardin,Artem Chigvintsev,Acting,1,38.0,4,9.5,0.527,1.0,3,0,6
30,8,351,Melora Hardin,Artem Chigvintsev,Acting,1,42.0,4,10.5,0.908,1.0,1,0,6
30,9,351,Melora Hardin,Artem Chigvintsev,Acting,1,36.0,4,9.0,-0.9221,-1.5,5,1,6
30,1,352,Matt James,Lindsay Arnold,Sports,1,24.0,4,6.0,-0.1039,0.0,9,0,12
30,2,352,Matt James,Lindsay Arnold,Sports,1,22.0,4,5.5,-0.8831,-0.5,14,0,12
30,3,352,Matt James,Lindsay Arnold,Sports,1,20.0,3,6.666666666666667,-0.65,1.17,10,0,12
30,4,352,Matt James,Lindsay Arnold,Sports,1,28.5,4,7.125,-1.1739,0.46,12,1,12
30,1,353,"Mike ""The Miz"" Mizanin",Witney Carson,Sports,1,24.0,4,6.0,-0.1039,0.0,9,0,9
30,2,353,"Mike ""The Miz"" Mizanin",Witney Carson,Sports,1,26.0,4,6.5,0.0803,0.5,8,0,9
30,3,353,"Mike ""The Miz"" Mizanin",Witney Carson,Sports,1,22.0,3,7.333333333333333,0.3611,0.83,5,0,9
30,4,353,"Mike ""The Miz"" Mizanin",Witney Carson,Sports,1,32.5,4,8.125,0.1388,0.79,7,0,9
30,5,353,"Mike ""The Miz"" Mizanin",Witney Carson,Sports,1,32.0,4,8.0,-0.8885,-0.12,9,0,9
30,6,353,"Mike ""The Miz"" Mizanin",Witney Carson,Sports,1,34.0,4,8.5,-0.9115,0.5,8,0,9
30,7,353,"Mike ""The Miz"" Mizanin",Witney Carson,Sports,1,32.0,4,8.0,-1.3703,-0.5,9,1,9
30,1,354,Suni Lee,Sasha Farber,Sports,1,28.0,4,7.0,0.9349,0.0,2,0,5
30,2,354,Suni Lee,Sasha Farber,Sports,1,28.0,4,7.0,0.562,0.0,4,0,5
30,3,354,Suni Lee,Sasha Farber,Sports,1,21.0,3,7.0,-0.1445,0.0,7,0,5
30,4,354,Suni Lee,Sasha Farber,Sports,1,34.0,4,8.5,0.6311,1.5,4,0,5
30,5,354,Suni Lee,Sasha Farber,Sports,1,36.0,4,9.0,0.2962,0.5,3,0,5
30,6,354,Suni Lee,Sasha Farber,Sports,1,36.0,4,9.0,-0.1519,0.0,5,0,5
30,7,354,Suni Lee,Sasha Farber,Sports,1,34.0,4,8.5,-0.7379,-0.5,6,0,5
30,8,354,Suni Lee,Sasha Farber,Sports,1,42.0,4,10.5,0.908,2.0,1,0,5
30,9,354,Suni Lee,Sasha Farber,Sports,1,37.5,4,9.375,-0.0922,-1.12,3,1,5
30,1,355,Iman Shumpert,Daniella Karagach,Sports,1,21.0,4,5.25,-0.8829,0.0,14,0,1
30,2,355,Iman Shumpert,Daniella Karagach,Sports,1,25.0,4,6.25,-0.1606,1.0,9,0,1
30,3,355,Iman Shumpert,Daniella Karagach,Sports,1,19.0,3,6.333333333333333,-1.1556,0.08,12,0,1
30,4,355,Iman Shumpert,Daniella Karagach,Sports,1,31.5,4,7.875,-0.1893,1.54,9,0,1
30,5,355,Iman Shumpert,Daniella Karagach,Sports,1,28.0,4,7.0,-2.0732,-0.88,11,0,1
30,6,355,Iman Shumpert,Daniella Karagach,Sports,1,40.0,4,10.0,1.3672,3.0,1,0,1
30,7,355,Iman Shumpert,Daniella Karagach,Sports,1,34.0,4,8.5,-0.7379,-1.5,6,0,1
30,8,355,Iman Shumpert,Daniella Karagach,Sports,1,35.0,4,8.75,-0.908,0.25,7,0,1
30,9,355,Iman Shumpert,Daniella Karagach,Sports,1,37.5,4,9.375,-0.0922,0.62,3,0,1
30,10,355,Iman Shumpert,Daniella Karagach,Sports,1,40.0,4,10.0,0.7833,0.62,1,0,1
30,1,356,Cody Rigsby,Cheryl Burke,Other,1,24.0,4,6.0,-0.1039,0.0,9,0,3
30,2,356,Cody Rigsby,Cheryl Burke,Other,1,24.0,4,6.0,-0.4014,0.0,10,0,3
30,3,356,Cody Rigsby,Cheryl Burke,Other,1,18.0,3,6.0,-1.6612,0.0,14,0,3
30,4,356,Cody Rigsby,Cheryl Burke,Other,1,29.0,4,7.25,-1.0098,1.25,11,0,3
30,5,356,Cody Rigsby,Cheryl Burke,Other,1,32.0,4,8.0,-0.8885,0.75,9,0,3
30,6,356,Cody Rigsby,Cheryl Burke,Other,1,36.0,4,9.0,-0.1519,1.0,5,0,3
30,7,356,Cody Rigsby,Cheryl Burke,Other,1,36.0,4,9.0,-0.1054,0.0,5,0,3
30,8,356,Cody Rigsby,Cheryl Burke,Other,1,38.0,4,9.5,-0.1297,0.5,5,0,3
30,9,356,Cody Rigsby,Cheryl Burke,Other,1,35.5,4,8.875,-1.1988,-0.62,6,0,3
30,10,356,Cody Rigsby,Cheryl Burke,Other,1,38.0,4,9.5,-1.3056,0.62,4,0,3
30,1,357,Melanie C,Gleb Savchenko,Music,0,27.0,4,6.75,0.6752,0.0,4,0,11
30,2,357,Melanie C,Gleb Savchenko,Music,0,30.0,4,7.5,1.0437,0.75,3,0,11
30,3,357,Melanie C,Gleb Savchenko,Music,0,22.0,3,7.333333333333333,0.3611,-0.17,5,0,11
30,4,357,Melanie C,Gleb Savchenko,Music,0,33.0,4,8.25,0.3029,0.92,6,0,11
30,5,357,Melanie C,Gleb Savchenko,Music,0,36.0,4,9.0,0.2962,0.75,3,1,11
30,1,358,Jimmie Allen,Emma Slater,Music,1,22.0,4,5.5,-0.6232,0.0,13,0,7
30,2,358,Jimmie Allen,Emma Slater,Music,1,27.0,4,6.75,0.3211,1.25,5,0,7
30,3,358,Jimmie Allen,Emma Slater,Music,1,20.0,3,6.666666666666667,-0.65,-0.08,10,0,7
30,4,358,Jimmie Allen,Emma Slater,Music,1,32.5,4,8.125,0.1388,1.46,7,0,7
30,5,358,Jimmie Allen,Emma Slater,Music,1,34.0,4,8.5,-0.2962,0.38,8,0,7
30,6,358,Jimmie Allen,Emma Slater,Music,1,38.0,4,9.5,0.6076,1.0,3,0,7
30,7,358,Jimmie Allen,Emma Slater,Music,1,38.0,4,9.5,0.527,0.0,3,0,7
30,8,358,Jimmie Allen,Emma Slater,Music,1,32.0,4,8.0,-1.6863,-1.5,8,1,7
30,1,359,Olivia Jade,Valentin Chmerkovskiy,Media/TV,1,25.0,4,6.25,0.1558,0.0,7,0,8
30,2,359,Olivia Jade,Valentin Chmerkovskiy,Media/TV,1,27.0,4,6.75,0.3211,0.5,5,0,8
30,3,359,Olivia Jade,Valentin Chmerkovskiy,Media/TV,1,24.0,3,8.0,1.3723,1.25,1,0,8
30,4,359,Olivia Jade,Valentin Chmerkovskiy,Media/TV,1,35.0,4,8.75,0.9593,0.75,2,0,8
30,5,359,Olivia Jade,Valentin Chmerkovskiy,Media/TV,1,36.0,4,9.0,0.2962,0.25,3,0,8
30,6,359,Olivia Jade,Valentin Chmerkovskiy,Media/TV,1,36.0,4,9.0,-0.1519,0.0,5,0,8
30,7,359,Olivia Jade,Valentin Chmerkovskiy,Media/TV,1,42.0,4,10.5,1.792,1.5,1,0,8
30,8,359,Olivia Jade,Valentin Chmerkovskiy,Media/TV,1,36.0,4,9.0,-0.6486,-1.5,6,1,8
30,1,360,JoJo Siwa,Jenna Johnson,Media/TV,1,29.0,4,7.25,1.1946,0.0,1,0,2
30,2,360,JoJo Siwa,Jenna Johnson,Media/TV,1,31.0,4,7.75,1.2846,0.5,2,0,2
30,3,360,JoJo Siwa,Jenna Johnson,Media/TV,1,24.0,3,8.0,1.3723,0.25,1,0,2
30,4,360,JoJo Siwa,Jenna Johnson,Media/TV,1,35.0,4,8.75,0.9593,0.75,2,0,2
30,5,360,JoJo Siwa,Jenna Johnson,Media/TV,1,40.0,4,10.0,1.4809,1.25,1,0,2
30,6,360,JoJo Siwa,Jenna Johnson,Media/TV,1,40.0,4,10.0,1.3672,0.0,1,0,2
30,7,360,JoJo Siwa,Jenna Johnson,Media/TV,1,39.0,4,9.75,0.8433,-0.25,2,0,2
30,8,360,JoJo Siwa,Jenna Johnson,Media/TV,1,41.0,4,10.25,0.6486,0.5,4,0,2
30,9,360,JoJo Siwa,Jenna Johnson,Media/TV,1,40.0,4,10.0,1.291,-0.25,1,0,2
30,10,360,JoJo Siwa,Jenna Johnson,Media/TV,1,40.0,4,10.0,0.7833,0.0,1,0,2
30,1,361,Christine Chiu,Pasha Pashkov,Media/TV,0,25.0,4,6.25,0.1558,0.0,7,0,14
30,2,361,Christine Chiu,Pasha Pashkov,Media/TV,0,24.0,4,6.0,-0.4014,-0.25,10,0,14
30,3,361,Christine Chiu,Pasha Pashkov,Media/TV,0,21.0,3,7.0,-0.1445,1.0,7,1,14
30,1,362,Kenya Moore,Brandon Armstrong,Media/TV,1,26.0,4,6.5,0.4155,0.0,5,0,10
30,2,362,Kenya Moore,Brandon Armstrong,Media/TV,1,24.0,4,6.0,-0.4014,-0.5,10,0,10
30,3,362,Kenya Moore,Brandon Armstrong,Media/TV,1,21.0,3,7.0,-0.1445,1.0,7,0,10
30,4,362,Kenya Moore,Brandon Armstrong,Media/TV,1,29.5,4,7.375,-0.8457,0.38,10,0,10
30,5,362,Kenya Moore,Brandon Armstrong,Media/TV,1,36.0,4,9.0,0.2962,1.62,3,0,10
30,6,362,Kenya Moore,Brandon Armstrong,Media/TV,1,32.0,4,8.0,-1.671,-1.0,10,1,10
30,1,363,Amanda Kloots,Alan Bersten,Media/TV,1,28.0,4,7.0,0.9349,0.0,2,0,4
30,2,363,Amanda Kloots,Alan Bersten,Media/TV,1,32.0,4,8.0,1.5254,1.0,1,0,4
30,3,363,Amanda Kloots,Alan Bersten,Media/TV,1,24.0,3,8.0,1.3723,0.0,1,0,4
30,4,363,Amanda Kloots,Alan Bersten,Media/TV,1,34.0,4,8.5,0.6311,0.5,4,0,4
30,5,363,Amanda Kloots,Alan Bersten,Media/TV,1,39.0,4,9.75,1.1847,1.25,2,0,4
30,6,363,Amanda Kloots,Alan Bersten,Media/TV,1,38.0,4,9.5,0.6076,-0.25,3,0,4
30,7,363,Amanda Kloots,Alan Bersten,Media/TV,1,34.0,4,8.5,-0.7379,-1.0,6,0,4
30,8,363,Amanda Kloots,Alan Bersten,Media/TV,1,42.0,4,10.5,0.908,2.0,1,0,4
30,9,363,Amanda Kloots,Alan Bersten,Media/TV,1,39.5,4,9.875,1.0144,-0.62,2,0,4
30,10,363,Amanda Kloots,Alan Bersten,Media/TV,1,39.0,4,9.75,-0.2611,-0.12,3,0,4
31,1,364,Jason Lewis,Peta Murgatroyd,Acting,1,18.0,4,4.5,-1.3099,0.0,15,1,16
31,1,365,Cheryl Ladd,Louis van Amstel,Acting,1,21.0,4,5.25,-0.641,0.0,10,0,14
31,2,365,Cheryl Ladd,Louis van Amstel,Acting,1,21.0,4,5.25,-1.9515,0.0,15,0,14
31,3,365,Cheryl Ladd,Louis van Amstel,Acting,1,24.0,4,6.0,-1.3979,0.75,13,1,14
31,1,366,Selma Blair,Sasha Farber,Acting,1,28.0,4,7.0,0.9197,0.0,3,0,12
31,2,366,Selma Blair,Sasha Farber,Acting,1,28.0,4,7.0,0.1609,0.0,6,0,12
31,3,366,Selma Blair,Sasha Farber,Acting,1,28.0,4,7.0,-0.2295,0.0,9,0,12
31,4,366,Selma Blair,Sasha Farber,Acting,1,32.0,4,8.0,0.1292,1.0,6,0,12
31,5,366,Selma Blair,Sasha Farber,Acting,1,40.0,4,10.0,0.7724,2.0,4,0,12
31,1,367,Joseph Baena,Daniella Karagach,Acting,1,23.0,4,5.75,-0.1951,0.0,9,0,11
31,2,367,Joseph Baena,Daniella Karagach,Acting,1,24.0,4,6.0,-1.0461,0.25,13,0,11
31,3,367,Joseph Baena,Daniella Karagach,Acting,1,29.0,4,7.25,0.0626,1.25,7,0,11
31,4,367,Joseph Baena,Daniella Karagach,Acting,1,28.0,4,7.0,-0.9902,-0.25,11,0,11
31,5,367,Joseph Baena,Daniella Karagach,Acting,1,35.0,4,8.75,-0.6988,1.75,10,1,11
31,1,368,Trevor Donovan,Emma Slater,Acting,1,21.0,4,5.25,-0.641,0.0,10,0,6
31,2,368,Trevor Donovan,Emma Slater,Acting,1,30.0,4,7.5,0.7645,2.25,4,0,6
31,3,368,Trevor Donovan,Emma Slater,Acting,1,27.0,4,6.75,-0.5216,-0.75,10,0,6
31,4,368,Trevor Donovan,Emma Slater,Acting,1,28.0,4,7.0,-0.9902,0.25,11,0,6
31,5,368,Trevor Donovan,Emma Slater,Acting,1,36.0,4,9.0,-0.4046,2.0,7,0,6
31,6,368,Trevor Donovan,Emma Slater,Acting,1,34.0,4,8.5,-0.1577,-0.5,5,0,6
31,7,368,Trevor Donovan,Emma Slater,Acting,1,39.0,4,9.75,1.1816,1.25,1,0,6
31,8,368,Trevor Donovan,Emma Slater,Acting,1,39.0,4,9.75,-0.0471,0.0,5,0,6
31,9,368,Trevor Donovan,Emma Slater,Acting,1,32.5,4,8.125,-1.3993,-1.62,6,1,6
31,1,369,Daniel Durant,Britt Stewart,Acting,1,27.0,4,6.75,0.6967,0.0,6,0,5
31,2,369,Daniel Durant,Britt Stewart,Acting,1,29.0,4,7.25,0.4627,0.5,5,0,5
31,3,369,Daniel Durant,Britt Stewart,Acting,1,31.0,4,7.75,0.6468,0.5,5,0,5
31,4,369,Daniel Durant,Britt Stewart,Acting,1,29.0,4,7.25,-0.7104,-0.5,9,0,5
31,5,369,Daniel Durant,Britt Stewart,Acting,1,33.5,4,8.375,-1.1401,1.12,11,0,5
31,6,369,Daniel Durant,Britt Stewart,Acting,1,34.0,4,8.5,-0.1577,0.12,5,0,5
31,7,369,Daniel Durant,Britt Stewart,Acting,1,36.5,4,9.125,0.139,0.62,4,0,5
31,8,369,Daniel Durant,Britt Stewart,Acting,1,39.0,4,9.75,-0.0471,0.62,5,0,5
31,9,369,Daniel Durant,Britt Stewart,Acting,1,34.5,4,8.625,-0.7276,-1.12,5,1,5
31,1,370,Wayne Brady,Witney Carson,Comedy,1,29.0,4,7.25,1.1427,0.0,2,0,3
31,2,370,Wayne Brady,Witney Carson,Comedy,1,32.0,4,8.0,1.368,0.75,1,0,3
31,3,370,Wayne Brady,Witney Carson,Comedy,1,33.0,4,8.25,1.231,0.25,1,0,3
31,4,370,Wayne Brady,Witney Carson,Comedy,1,36.0,4,9.0,1.2485,0.75,1,0,3
31,5,370,Wayne Brady,Witney Carson,Comedy,1,41.0,4,10.25,1.0666,1.25,2,0,3
31,6,370,Wayne Brady,Witney Carson,Comedy,1,34.0,4,8.5,-0.1577,-1.75,5,0,3
31,7,370,Wayne Brady,Witney Carson,Comedy,1,38.0,4,9.5,0.7646,1.0,3,0,3
31,8,370,Wayne Brady,Witney Carson,Comedy,1,45.0,4,11.25,1.0825,1.75,1,0,3
31,9,370,Wayne Brady,Witney Carson,Comedy,1,36.5,4,9.125,-0.056,-2.12,3,0,3
31,10,370,Wayne Brady,Witney Carson,Comedy,1,38.0,4,9.5,-0.866,0.38,3,0,3
31,1,371,Sam Champion,Cheryl Burke,Media/TV,1,20.0,4,5.0,-0.864,0.0,12,0,13
31,2,371,Sam Champion,Cheryl Burke,Media/TV,1,26.0,4,6.5,-0.4426,1.5,11,0,13
31,3,371,Sam Champion,Cheryl Burke,Media/TV,1,25.0,4,6.25,-1.1058,-0.25,12,0,13
31,4,371,Sam Champion,Cheryl Burke,Media/TV,1,25.0,4,6.25,-1.8298,0.0,13,1,13
31,1,372,Jessie James Decker,Alan Bersten,Music,0,20.0,4,5.0,-0.864,0.0,12,0,10
31,2,372,Jessie James Decker,Alan Bersten,Music,0,25.0,4,6.25,-0.7444,1.25,12,0,10
31,3,372,Jessie James Decker,Alan Bersten,Music,0,26.0,4,6.5,-0.8137,0.25,11,0,10
31,4,372,Jessie James Decker,Alan Bersten,Music,0,31.0,4,7.75,-0.1507,1.25,8,0,10
31,5,372,Jessie James Decker,Alan Bersten,Music,0,36.0,4,9.0,-0.4046,1.25,7,0,10
31,6,372,Jessie James Decker,Alan Bersten,Music,0,32.0,4,8.0,-0.7884,-1.0,9,1,10
31,1,373,Jordin Sparks,Brandon Armstrong,Music,1,26.0,4,6.5,0.4738,0.0,7,0,9
31,2,373,Jordin Sparks,Brandon Armstrong,Music,1,27.0,4,6.75,-0.1408,0.25,9,0,9
31,3,373,Jordin Sparks,Brandon Armstrong,Music,1,29.0,4,7.25,0.0626,0.5,7,0,9
31,4,373,Jordin Sparks,Brandon Armstrong,Music,1,34.0,4,8.5,0.6888,1.25,4,0,9
31,5,373,Jordin Sparks,Brandon Armstrong,Music,1,35.5,4,8.875,-0.5517,0.38,9,0,9
31,6,373,Jordin Sparks,Brandon Armstrong,Music,1,34.0,4,8.5,-0.1577,-0.38,5,0,9
31,7,373,Jordin Sparks,Brandon Armstrong,Music,1,34.5,4,8.625,-0.695,0.12,8,1,9
31,1,374,Heidi D'Amelio,Artem Chigvintsev,Media/TV,1,24.0,4,6.0,0.0279,0.0,8,0,8
31,2,374,Heidi D'Amelio,Artem Chigvintsev,Media/TV,1,28.0,4,7.0,0.1609,1.0,6,0,8
31,3,374,Heidi D'Amelio,Artem Chigvintsev,Media/TV,1,32.0,4,8.0,0.9389,1.0,4,0,8
31,4,374,Heidi D'Amelio,Artem Chigvintsev,Media/TV,1,34.0,4,8.5,0.6888,0.5,4,0,8
31,5,374,Heidi D'Amelio,Artem Chigvintsev,Media/TV,1,39.0,4,9.75,0.4781,1.25,5,0,8
31,6,374,Heidi D'Amelio,Artem Chigvintsev,Media/TV,1,36.0,4,9.0,0.473,-0.75,3,0,8
31,7,374,Heidi D'Amelio,Artem Chigvintsev,Media/TV,1,35.0,4,8.75,-0.4865,-0.25,7,0,8
31,8,374,Heidi D'Amelio,Artem Chigvintsev,Media/TV,1,35.0,4,8.75,-0.8001,0.0,7,1,8
31,1,375,Charli D'Amelio,Mark Ballas,Media/TV,1,32.0,4,8.0,1.8115,0.0,1,0,1
31,2,375,Charli D'Amelio,Mark Ballas,Media/TV,1,32.0,4,8.0,1.368,0.0,1,0,1
31,3,375,Charli D'Amelio,Mark Ballas,Media/TV,1,33.0,4,8.25,1.231,0.25,1,0,1
31,4,375,Charli D'Amelio,Mark Ballas,Media/TV,1,36.0,4,9.0,1.2485,0.75,1,0,1
31,5,375,Charli D'Amelio,Mark Ballas,Media/TV,1,42.0,4,10.5,1.3608,1.5,1,0,1
31,6,375,Charli D'Amelio,Mark Ballas,Media/TV,1,40.0,4,10.0,1.7344,-0.5,1,0,1
31,7,375,Charli D'Amelio,Mark Ballas,Media/TV,1,39.0,4,9.75,1.1816,-0.25,1,0,1
31,8,375,Charli D'Amelio,Mark Ballas,Media/TV,1,45.0,4,11.25,1.0825,1.5,1,0,1
31,9,375,Charli D'Amelio,Mark Ballas,Media/TV,1,40.0,4,10.0,1.1194,-1.25,1,0,1
31,10,375,Charli D'Amelio,Mark Ballas,Media/TV,1,40.0,4,10.0,0.866,0.0,1,0,1
31,1,376,Teresa Giudice,Pasha Pashkov,Media/TV,1,20.0,4,5.0,-0.864,0.0,12,0,15
31,2,376,Teresa Giudice,Pasha Pashkov,Media/TV,1,23.0,4,5.75,-1.3479,0.75,14,1,15
31,1,377,Vinny Guadagnino,Koko Iwasaki,Media/TV,1,17.0,4,4.25,-1.5328,0.0,16,0,7
31,2,377,Vinny Guadagnino,Koko Iwasaki,Media/TV,1,27.0,4,6.75,-0.1408,2.5,9,0,7
31,3,377,Vinny Guadagnino,Koko Iwasaki,Media/TV,1,23.0,4,5.75,-1.69,-1.0,14,0,7
31,4,377,Vinny Guadagnino,Koko Iwasaki,Media/TV,1,29.0,4,7.25,-0.7104,1.5,9,0,7
31,5,377,Vinny Guadagnino,Koko Iwasaki,Media/TV,1,31.0,4,7.75,-1.8757,0.5,12,0,7
31,6,377,Vinny Guadagnino,Koko Iwasaki,Media/TV,1,28.0,4,7.0,-2.0498,-0.75,10,0,7
31,7,377,Vinny Guadagnino,Koko Iwasaki,Media/TV,1,31.5,4,7.875,-1.9461,0.88,9,0,7
31,8,377,Vinny Guadagnino,Koko Iwasaki,Media/TV,1,29.0,4,7.25,-1.9297,-0.62,8,1,7
31,1,378,Shangela,Gleb Savchenko,Media/TV,1,28.0,4,7.0,0.9197,0.0,3,0,4
31,2,378,Shangela,Gleb Savchenko,Media/TV,1,28.0,4,7.0,0.1609,0.0,6,0,4
31,3,378,Shangela,Gleb Savchenko,Media/TV,1,30.0,4,7.5,0.3547,0.5,6,0,4
31,4,378,Shangela,Gleb Savchenko,Media/TV,1,32.0,4,8.0,0.1292,0.5,6,0,4
31,5,378,Shangela,Gleb Savchenko,Media/TV,1,38.5,4,9.625,0.331,1.62,6,0,4
31,6,378,Shangela,Gleb Savchenko,Media/TV,1,36.0,4,9.0,0.473,-0.62,3,0,4
31,7,378,Shangela,Gleb Savchenko,Media/TV,1,36.5,4,9.125,0.139,0.12,4,0,4
31,8,378,Shangela,Gleb Savchenko,Media/TV,1,42.0,4,10.5,0.5177,1.38,3,0,4
31,9,378,Shangela,Gleb Savchenko,Media/TV,1,36.5,4,9.125,-0.056,-1.38,3,0,4
31,10,378,Shangela,Gleb Savchenko,Media/TV,1,38.0,4,9.5,-0.866,0.38,3,0,4
31,1,379,Gabby Windey,Valentin Chmerkovskiy,Media/TV,1,28.0,4,7.0,0.9197,0.0,3,0,2
31,2,379,Gabby Windey,Valentin Chmerkovskiy,Media/TV,1,32.0,4,8.0,1.368,1.0,1,0,2
31,3,379,Gabby Windey,Valentin Chmerkovskiy,Media/TV,1,33.0,4,8.25,1.231,0.25,1,0,2
31,4,379,Gabby Windey,Valentin Chmerkovskiy,Media/TV,1,36.0,4,9.0,1.2485,0.75,1,0,2
31,5,379,Gabby Windey,Valentin Chmerkovskiy,Media/TV,1,41.0,4,10.25,1.0666,1.25,2,0,2
31,6,379,Gabby Windey,Valentin Chmerkovskiy,Media/TV,1,37.0,4,9.25,0.7884,-1.0,2,0,2
31,7,379,Gabby Windey,Valentin Chmerkovskiy,Media/TV,1,35.5,4,8.875,-0.278,-0.38,6,0,2
31,8,379,Gabby Windey,Valentin Chmerkovskiy,Media/TV,1,40.0,4,10.0,0.1412,1.12,4,0,2
31,9,379,Gabby Windey,Valentin Chmerkovskiy,Media/TV,1,40.0,4,10.0,1.1194,0.0,1,0,2
31,10,379,Gabby Windey,Valentin Chmerkovskiy,Media/TV,1,40.0,4,10.0,0.866,0.0,1,0,2
32,1,380,Jamie Lynn Spears,Alan Bersten,Acting,1,15.0,3,5.0,-0.4282,0.0,9,0,13
32,2,380,Jamie Lynn Spears,Alan Bersten,Acting,1,16.0,3,5.333333333333333,-0.6305,0.33,9,1,13
32,1,381,Mira Sorvino,Gleb Savchenko,Acting,1,17.0,3,5.666666666666667,0.1427,0.0,7,0,10
32,2,381,Mira Sorvino,Gleb Savchenko,Acting,1,18.0,3,6.0,-0.0841,0.33,7,0,10
32,3,381,Mira Sorvino,Gleb Savchenko,Acting,1,26.0,4,6.5,-0.1882,0.5,6,0,10
32,4,381,Mira Sorvino,Gleb Savchenko,Acting,1,21.0,3,7.0,-0.2796,0.5,6,0,10
32,5,381,Mira Sorvino,Gleb Savchenko,Acting,1,22.0,3,7.333333333333333,-0.6325,0.33,8,1,10
32,1,382,Barry Williams,Peta Murgatroyd,Acting,1,16.0,3,5.333333333333333,-0.1427,0.0,8,0,7
32,2,382,Barry Williams,Peta Murgatroyd,Acting,1,15.0,3,5.0,-0.9037,-0.33,10,0,7
32,3,382,Barry Williams,Peta Murgatroyd,Acting,1,25.0,4,6.25,-0.3935,1.25,7,0,7
32,4,382,Barry Williams,Peta Murgatroyd,Acting,1,18.0,3,6.0,-1.3048,-0.25,10,0,7
32,5,382,Barry Williams,Peta Murgatroyd,Acting,1,24.0,3,8.0,0.0,2.0,4,0,7
32,6,382,Barry Williams,Peta Murgatroyd,Acting,1,32.0,4,8.0,-0.8111,0.0,7,0,7
32,7,382,Barry Williams,Peta Murgatroyd,Acting,1,32.5,4,8.125,-1.4002,0.12,7,0,7
32,8,382,Barry Williams,Peta Murgatroyd,Acting,1,35.0,4,8.75,-0.2411,0.62,5,1,7
32,1,383,Alyson Hannigan,Sasha Farber,Acting,1,13.0,3,4.333333333333333,-0.9992,0.0,11,0,5
32,2,383,Alyson Hannigan,Sasha Farber,Acting,1,19.0,3,6.333333333333333,0.1891,2.0,6,0,5
32,3,383,Alyson Hannigan,Sasha Farber,Acting,1,24.0,4,6.0,-0.5989,-0.33,8,0,5
32,4,383,Alyson Hannigan,Sasha Farber,Acting,1,18.0,3,6.0,-1.3048,0.0,10,0,5
32,5,383,Alyson Hannigan,Sasha Farber,Acting,1,21.0,3,7.0,-0.9487,1.0,9,0,5
32,6,383,Alyson Hannigan,Sasha Farber,Acting,1,31.0,4,7.75,-1.0258,0.75,8,0,5
32,7,383,Alyson Hannigan,Sasha Farber,Acting,1,35.0,4,8.75,-0.1273,1.0,6,0,5
32,8,383,Alyson Hannigan,Sasha Farber,Acting,1,36.0,4,9.0,-0.0301,0.25,4,0,5
32,9,383,Alyson Hannigan,Sasha Farber,Acting,1,32.0,4,8.0,-0.9597,-1.0,5,0,5
32,10,383,Alyson Hannigan,Sasha Farber,Acting,1,25.5,3,8.5,-1.6971,0.5,5,0,5
32,11,383,Alyson Hannigan,Sasha Farber,Acting,1,26.5,3,8.833333333333334,-1.763,0.33,5,0,5
32,1,384,Xochitl Gomez,Valentin Chmerkovskiy,Acting,1,18.0,3,6.0,0.4282,0.0,5,0,1
32,2,384,Xochitl Gomez,Valentin Chmerkovskiy,Acting,1,24.0,3,8.0,1.5552,2.0,1,0,1
32,3,384,Xochitl Gomez,Valentin Chmerkovskiy,Acting,1,32.0,4,8.0,1.0437,0.0,3,0,1
32,4,384,Xochitl Gomez,Valentin Chmerkovskiy,Acting,1,27.0,3,9.0,1.7707,1.0,1,0,1
32,5,384,Xochitl Gomez,Valentin Chmerkovskiy,Acting,1,28.0,3,9.333333333333334,1.2649,0.33,1,0,1
32,6,384,Xochitl Gomez,Valentin Chmerkovskiy,Acting,1,42.0,4,10.5,1.3359,1.17,1,0,1
32,7,384,Xochitl Gomez,Valentin Chmerkovskiy,Acting,1,37.0,4,9.25,0.8911,-1.25,1,0,1
32,8,384,Xochitl Gomez,Valentin Chmerkovskiy,Acting,1,40.0,4,10.0,0.8136,0.75,2,0,1
32,9,384,Xochitl Gomez,Valentin Chmerkovskiy,Acting,1,41.0,4,10.25,0.8273,0.25,2,0,1
32,10,384,Xochitl Gomez,Valentin Chmerkovskiy,Acting,1,30.0,3,10.0,0.8485,-0.25,1,0,1
32,11,384,Xochitl Gomez,Valentin Chmerkovskiy,Acting,1,30.0,3,10.0,0.6103,0.0,1,0,1
32,1,385,Adrian Peterson,Britt Stewart,Sports,1,18.0,3,6.0,0.4282,0.0,5,0,11
32,2,385,Adrian Peterson,Britt Stewart,Sports,1,15.0,3,5.0,-0.9037,-1.0,10,0,11
32,3,385,Adrian Peterson,Britt Stewart,Sports,1,22.0,4,5.5,-1.0095,0.5,11,0,11
32,4,385,Adrian Peterson,Britt Stewart,Sports,1,21.0,3,7.0,-0.2796,1.5,6,1,11
32,1,386,Matt Walsh,Koko Iwasaki,Comedy,1,12.0,3,4.0,-1.2847,0.0,12,1,14
32,1,387,Tyson Beckford,Jenna Johnson,Model,1,12.0,3,4.0,-1.2847,0.0,12,0,12
32,2,387,Tyson Beckford,Jenna Johnson,Model,1,18.0,3,6.0,-0.0841,2.0,7,0,12
32,3,387,Tyson Beckford,Jenna Johnson,Model,1,20.0,4,5.0,-1.4202,-1.0,12,1,12
32,1,388,Jason Mraz,Daniella Karagach,Music,1,21.0,3,7.0,1.2847,0.0,2,0,2
32,2,388,Jason Mraz,Daniella Karagach,Music,1,24.0,3,8.0,1.5552,1.0,1,0,2
32,3,388,Jason Mraz,Daniella Karagach,Music,1,34.0,4,8.5,1.4544,0.5,1,0,2
32,4,388,Jason Mraz,Daniella Karagach,Music,1,24.0,3,8.0,0.7456,-0.5,3,0,2
32,5,388,Jason Mraz,Daniella Karagach,Music,1,27.0,3,9.0,0.9487,1.0,3,0,2
32,6,388,Jason Mraz,Daniella Karagach,Music,1,39.0,4,9.75,0.6918,0.75,3,0,2
32,7,388,Jason Mraz,Daniella Karagach,Music,1,36.0,4,9.0,0.3819,-0.75,4,0,2
32,8,388,Jason Mraz,Daniella Karagach,Music,1,33.0,4,8.25,-0.6629,-0.75,6,0,2
32,9,388,Jason Mraz,Daniella Karagach,Music,1,43.0,4,10.75,1.2244,2.5,1,0,2
32,10,388,Jason Mraz,Daniella Karagach,Music,1,28.5,3,9.5,0.0,-1.25,4,0,2
32,11,388,Jason Mraz,Daniella Karagach,Music,1,30.0,3,10.0,0.6103,0.5,1,0,2
32,1,389,Lele Pons,Brandon Armstrong,Media/TV,0,19.0,3,6.333333333333333,0.7137,0.0,4,0,8
32,2,389,Lele Pons,Brandon Armstrong,Media/TV,0,21.0,3,7.0,0.7356,0.67,3,0,8
32,3,389,Lele Pons,Brandon Armstrong,Media/TV,0,27.0,4,6.75,0.0171,-0.25,5,0,8
32,4,389,Lele Pons,Brandon Armstrong,Media/TV,0,22.0,3,7.333333333333333,0.0621,0.58,5,0,8
32,5,389,Lele Pons,Brandon Armstrong,Media/TV,0,24.0,3,8.0,0.0,0.67,4,0,8
32,6,389,Lele Pons,Brandon Armstrong,Media/TV,0,37.0,4,9.25,0.2624,1.25,5,0,8
32,7,389,Lele Pons,Brandon Armstrong,Media/TV,0,36.5,4,9.125,0.6365,-0.12,3,1,8
32,1,390,Harry Jowsey,Rylee Arnold,Media/TV,0,12.0,3,4.0,-1.2847,0.0,12,0,6
32,2,390,Harry Jowsey,Rylee Arnold,Media/TV,0,15.0,3,5.0,-0.9037,1.0,10,0,6
32,3,390,Harry Jowsey,Rylee Arnold,Media/TV,0,24.0,4,6.0,-0.5989,1.0,8,0,6
32,4,390,Harry Jowsey,Rylee Arnold,Media/TV,0,21.0,3,7.0,-0.2796,1.0,6,0,6
32,5,390,Harry Jowsey,Rylee Arnold,Media/TV,0,18.0,3,6.0,-1.8974,-1.0,10,0,6
32,6,390,Harry Jowsey,Rylee Arnold,Media/TV,0,29.0,4,7.25,-1.4552,1.25,9,0,6
32,7,390,Harry Jowsey,Rylee Arnold,Media/TV,0,32.0,4,8.0,-1.6548,0.75,8,0,6
32,8,390,Harry Jowsey,Rylee Arnold,Media/TV,0,28.0,4,7.0,-1.7176,-1.0,7,0,6
32,9,390,Harry Jowsey,Rylee Arnold,Media/TV,0,30.0,4,7.5,-1.3568,0.5,6,1,6
32,1,391,Mauricio Umansky,Emma Slater,Media/TV,0,15.0,3,5.0,-0.4282,0.0,9,0,9
32,2,391,Mauricio Umansky,Emma Slater,Media/TV,0,12.0,3,4.0,-1.7233,-1.0,13,0,9
32,3,391,Mauricio Umansky,Emma Slater,Media/TV,0,23.0,4,5.75,-0.8042,1.75,10,0,9
32,4,391,Mauricio Umansky,Emma Slater,Media/TV,0,19.0,3,6.333333333333333,-0.963,0.58,9,0,9
32,5,391,Mauricio Umansky,Emma Slater,Media/TV,0,24.0,3,8.0,0.0,1.67,4,0,9
32,6,391,Mauricio Umansky,Emma Slater,Media/TV,0,33.0,4,8.25,-0.5964,0.25,6,1,9
32,1,392,Charity Lawson,Artem Chigvintsev,Media/TV,1,22.0,3,7.333333333333333,1.5702,0.0,1,0,4
32,2,392,Charity Lawson,Artem Chigvintsev,Media/TV,1,21.0,3,7.0,0.7356,-0.33,3,0,4
32,3,392,Charity Lawson,Artem Chigvintsev,Media/TV,1,32.0,4,8.0,1.0437,1.0,3,0,4
32,4,392,Charity Lawson,Artem Chigvintsev,Media/TV,1,24.0,3,8.0,0.7456,0.0,3,0,4
32,5,392,Charity Lawson,Artem Chigvintsev,Media/TV,1,28.0,3,9.333333333333334,1.2649,1.33,1,0,4
32,6,392,Charity Lawson,Artem Chigvintsev,Media/TV,1,38.0,4,9.5,0.4771,0.17,4,0,4
32,7,392,Charity Lawson,Artem Chigvintsev,Media/TV,1,36.0,4,9.0,0.3819,-0.5,4,0,4
32,8,392,Charity Lawson,Artem Chigvintsev,Media/TV,1,39.0,4,9.75,0.6027,0.75,3,0,4
32,9,392,Charity Lawson,Artem Chigvintsev,Media/TV,1,38.0,4,9.5,0.2316,-0.25,3,0,4
32,10,392,Charity Lawson,Artem Chigvintsev,Media/TV,1,29.5,3,9.833333333333334,0.5657,0.33,2,0,4
32,11,392,Charity Lawson,Artem Chigvintsev,Media/TV,1,29.5,3,9.833333333333334,0.2712,0.0,3,0,4
32,1,393,Ariana Madix,Pasha Pashkov,Media/TV,1,21.0,3,7.0,1.2847,0.0,2,0,3
32,2,393,Ariana Madix,Pasha Pashkov,Media/TV,1,20.0,3,6.666666666666667,0.4623,-0.33,5,0,3
32,3,393,Ariana Madix,Pasha Pashkov,Media/TV,1,34.0,4,8.5,1.4544,1.83,1,0,3
32,4,393,Ariana Madix,Pasha Pashkov,Media/TV,1,25.0,3,8.333333333333334,1.0873,-0.17,2,0,3
32,5,393,Ariana Madix,Pasha Pashkov,Media/TV,1,24.0,3,8.0,0.0,-0.33,4,0,3
32,6,393,Ariana Madix,Pasha Pashkov,Media/TV,1,41.0,4,10.25,1.1212,2.25,2,0,3
32,7,393,Ariana Madix,Pasha Pashkov,Media/TV,1,37.0,4,9.25,0.8911,-1.0,1,0,3
32,8,393,Ariana Madix,Pasha Pashkov,Media/TV,1,42.0,4,10.5,1.2354,1.25,1,0,3
32,9,393,Ariana Madix,Pasha Pashkov,Media/TV,1,37.0,4,9.25,0.0331,-1.25,4,0,3
32,10,393,Ariana Madix,Pasha Pashkov,Media/TV,1,29.0,3,9.666666666666666,0.2828,0.42,3,0,3
32,11,393,Ariana Madix,Pasha Pashkov,Media/TV,1,29.5,3,9.833333333333334,0.2712,0.17,3,0,3
33,1,394,Tori Spelling,Pasha Pashkov,Acting,1,17.0,3,5.666666666666667,-0.8528,0.0,11,0,12
33,2,394,Tori Spelling,Pasha Pashkov,Acting,1,19.0,3,6.333333333333333,-0.3061,0.67,9,1,12
33,1,395,Eric Roberts,Britt Stewart,Acting,1,15.0,3,5.0,-1.7056,0.0,13,0,10
33,2,395,Eric Roberts,Britt Stewart,Acting,1,15.0,3,5.0,-1.7532,0.0,12,0,10
33,3,395,Eric Roberts,Britt Stewart,Acting,1,23.0,4,5.75,-1.3613,0.75,10,1,10
33,1,396,Reginald VelJohnson,Emma Slater,Acting,1,16.0,3,5.333333333333333,-1.2792,0.0,12,0,10
33,2,396,Reginald VelJohnson,Emma Slater,Acting,1,15.0,3,5.0,-1.7532,-0.33,12,0,10
33,3,396,Reginald VelJohnson,Emma Slater,Acting,1,21.0,4,5.25,-1.8221,0.25,11,1,10
33,1,397,Chandler Kinney,Brandon Armstrong,Acting,1,23.0,3,7.666666666666667,1.7056,0.0,1,0,3
33,2,397,Chandler Kinney,Brandon Armstrong,Acting,1,24.0,3,8.0,1.5027,0.33,1,0,3
33,3,397,Chandler Kinney,Brandon Armstrong,Acting,1,34.5,4,8.625,1.288,0.62,2,0,3
33,4,397,Chandler Kinney,Brandon Armstrong,Acting,1,32.0,4,8.0,-0.3059,-0.62,4,0,3
33,5,397,Chandler Kinney,Brandon Armstrong,Acting,1,27.0,3,9.0,1.5434,1.0,1,0,3
33,6,397,Chandler Kinney,Brandon Armstrong,Acting,1,32.0,3,10.666666666666666,0.8759,1.67,1,0,3
33,7,397,Chandler Kinney,Brandon Armstrong,Acting,1,30.0,3,10.0,1.633,-0.67,1,0,3
33,8,397,Chandler Kinney,Brandon Armstrong,Acting,1,29.0,3,9.666666666666666,0.8528,-0.33,1,0,3
33,9,397,Chandler Kinney,Brandon Armstrong,Acting,1,30.0,3,10.0,1.0954,0.33,1,0,3
33,1,398,Dwight Howard,Daniella Karagach,Sports,1,22.0,3,7.333333333333333,1.2792,0.0,2,0,6
33,2,398,Dwight Howard,Daniella Karagach,Sports,1,22.0,3,7.333333333333333,0.7792,0.0,2,0,6
33,3,398,Dwight Howard,Daniella Karagach,Sports,1,26.0,4,6.5,-0.6702,-0.83,9,0,6
33,4,398,Dwight Howard,Daniella Karagach,Sports,1,29.0,4,7.25,-1.6824,0.75,9,0,6
33,5,398,Dwight Howard,Daniella Karagach,Sports,1,24.0,3,8.0,-1.1024,0.75,6,0,6
33,6,398,Dwight Howard,Daniella Karagach,Sports,1,31.0,3,10.333333333333334,0.5353,2.33,3,0,6
33,7,398,Dwight Howard,Daniella Karagach,Sports,1,24.0,3,8.0,-1.3064,-2.33,6,1,6
33,1,399,Danny Amendola,Witney Carson,Sports,1,20.0,3,6.666666666666667,0.4264,0.0,5,0,5
33,2,399,Danny Amendola,Witney Carson,Sports,1,21.0,3,7.0,0.4174,0.33,5,0,5
33,3,399,Danny Amendola,Witney Carson,Sports,1,30.0,4,7.5,0.2513,0.5,6,0,5
33,4,399,Danny Amendola,Witney Carson,Sports,1,36.0,4,9.0,1.5294,1.5,1,0,5
33,5,399,Danny Amendola,Witney Carson,Sports,1,25.5,3,8.5,0.2205,-0.5,4,0,5
33,6,399,Danny Amendola,Witney Carson,Sports,1,28.0,3,9.333333333333334,-0.4866,0.83,5,0,5
33,7,399,Danny Amendola,Witney Carson,Sports,1,25.5,3,8.5,-0.5715,-0.83,5,0,5
33,8,399,Danny Amendola,Witney Carson,Sports,1,27.0,3,9.0,-0.8528,0.5,4,0,5
33,9,399,Danny Amendola,Witney Carson,Sports,1,28.0,3,9.333333333333334,-1.3389,0.33,5,0,5
33,1,400,Stephen Nedoroscik,Rylee Arnold,Sports,1,21.0,3,7.0,0.8528,0.0,3,0,4
33,2,400,Stephen Nedoroscik,Rylee Arnold,Sports,1,22.0,3,7.333333333333333,0.7792,0.33,2,0,4
33,3,400,Stephen Nedoroscik,Rylee Arnold,Sports,1,31.0,4,7.75,0.4817,0.42,3,0,4
33,4,400,Stephen Nedoroscik,Rylee Arnold,Sports,1,33.0,4,8.25,0.1529,0.5,3,0,4
33,5,400,Stephen Nedoroscik,Rylee Arnold,Sports,1,24.0,3,8.0,-1.1024,-0.25,6,0,4
33,6,400,Stephen Nedoroscik,Rylee Arnold,Sports,1,28.0,3,9.333333333333334,-0.4866,1.33,5,0,4
33,7,400,Stephen Nedoroscik,Rylee Arnold,Sports,1,27.0,3,9.0,0.1633,-0.33,3,0,4
33,8,400,Stephen Nedoroscik,Rylee Arnold,Sports,1,26.5,3,8.833333333333334,-1.2792,-0.17,5,0,4
33,9,400,Stephen Nedoroscik,Rylee Arnold,Sports,1,29.5,3,9.833333333333334,0.4869,1.0,2,0,4
33,1,401,Ilona Maher,Alan Bersten,Sports,1,18.0,3,6.0,-0.4264,0.0,8,0,2
33,2,401,Ilona Maher,Alan Bersten,Sports,1,21.0,3,7.0,0.4174,1.0,5,0,2
33,3,401,Ilona Maher,Alan Bersten,Sports,1,28.0,4,7.0,-0.2094,0.0,7,0,2
33,4,401,Ilona Maher,Alan Bersten,Sports,1,32.0,4,8.0,-0.3059,1.0,4,0,2
33,5,401,Ilona Maher,Alan Bersten,Sports,1,26.0,3,8.666666666666666,0.6614,0.67,2,0,2
33,6,401,Ilona Maher,Alan Bersten,Sports,1,24.0,3,8.0,-1.8491,-0.67,7,0,2
33,7,401,Ilona Maher,Alan Bersten,Sports,1,26.0,3,8.666666666666666,-0.3266,0.67,4,0,2
33,8,401,Ilona Maher,Alan Bersten,Sports,1,28.5,3,9.5,0.4264,0.83,3,0,2
33,9,401,Ilona Maher,Alan Bersten,Sports,1,28.5,3,9.5,-0.7303,0.0,4,0,2
33,1,402,Anna Delvey,Ezra Sosa,Other,0,18.0,3,6.0,-0.4264,0.0,8,0,12
33,2,402,Anna Delvey,Ezra Sosa,Other,0,17.0,3,5.666666666666667,-1.0296,-0.33,11,1,12
33,1,403,Brooks Nader,Gleb Savchenko,Model,1,18.0,3,6.0,-0.4264,0.0,8,0,9
33,2,403,Brooks Nader,Gleb Savchenko,Model,1,20.0,3,6.666666666666667,0.0557,0.67,8,0,9
33,3,403,Brooks Nader,Gleb Savchenko,Model,1,30.5,4,7.625,0.3665,0.96,5,0,9
33,4,403,Brooks Nader,Gleb Savchenko,Model,1,32.0,4,8.0,-0.3059,0.38,4,1,9
33,1,404,Phaedra Parks,Val Chmerkovskiy,Media/TV,1,19.0,3,6.333333333333333,0.0,0.0,6,0,8
33,2,404,Phaedra Parks,Val Chmerkovskiy,Media/TV,1,21.0,3,7.0,0.4174,0.67,5,0,8
33,3,404,Phaedra Parks,Val Chmerkovskiy,Media/TV,1,28.0,4,7.0,-0.2094,0.0,7,0,8
33,4,404,Phaedra Parks,Val Chmerkovskiy,Media/TV,1,32.0,4,8.0,-0.3059,1.0,4,0,8
33,5,404,Phaedra Parks,Val Chmerkovskiy,Media/TV,1,24.0,3,8.0,-1.1024,0.0,6,1,8
33,1,405,Jenn Tran,Sasha Farber,Media/TV,1,19.0,3,6.333333333333333,0.0,0.0,6,0,7
33,2,405,Jenn Tran,Sasha Farber,Media/TV,1,19.0,3,6.333333333333333,-0.3061,0.0,9,0,7
33,3,405,Jenn Tran,Sasha Farber,Media/TV,1,31.0,4,7.75,0.4817,1.42,3,0,7
33,4,405,Jenn Tran,Sasha Farber,Media/TV,1,32.0,4,8.0,-0.3059,0.25,4,0,7
33,5,405,Jenn Tran,Sasha Farber,Media/TV,1,25.5,3,8.5,0.2205,0.5,4,0,7
33,6,405,Jenn Tran,Sasha Farber,Media/TV,1,31.0,3,10.333333333333334,0.5353,1.83,3,1,7
33,1,406,Joey Graziadei,Jenna Johnson,Media/TV,1,21.0,3,7.0,0.8528,0.0,3,0,1
33,2,406,Joey Graziadei,Jenna Johnson,Media/TV,1,22.0,3,7.333333333333333,0.7792,0.33,2,0,1
33,3,406,Joey Graziadei,Jenna Johnson,Media/TV,1,35.0,4,8.75,1.4032,1.42,1,0,1
33,4,406,Joey Graziadei,Jenna Johnson,Media/TV,1,36.0,4,9.0,1.5294,0.25,1,0,1
33,5,406,Joey Graziadei,Jenna Johnson,Media/TV,1,26.0,3,8.666666666666666,0.6614,-0.33,2,0,1
33,6,406,Joey Graziadei,Jenna Johnson,Media/TV,1,32.0,3,10.666666666666666,0.8759,2.0,1,0,1
33,7,406,Joey Graziadei,Jenna Johnson,Media/TV,1,27.5,3,9.166666666666666,0.4082,-1.5,2,0,1
33,8,406,Joey Graziadei,Jenna Johnson,Media/TV,1,29.0,3,9.666666666666666,0.8528,0.5,1,0,1
33,9,406,Joey Graziadei,Jenna Johnson,Media/TV,1,29.5,3,9.833333333333334,0.4869,0.17,2,0,1
34,1,407,Corey Feldman,Jenna Johnson,Acting,1,9.0,2,4.5,-1.2979,0.0,13,0,13
34,2,407,Corey Feldman,Jenna Johnson,Acting,1,15.0,3,5.0,-2.0975,0.5,14,1,13
34,1,408,Danielle Fishel,Pasha Pashkov,Acting,1,12.0,2,6.0,0.1366,0.0,6,0,8
34,2,408,Danielle Fishel,Pasha Pashkov,Acting,1,19.0,3,6.333333333333333,-0.3701,0.33,10,0,8
34,3,408,Danielle Fishel,Pasha Pashkov,Acting,1,21.0,3,7.0,-0.1976,0.67,8,0,8
34,4,408,Danielle Fishel,Pasha Pashkov,Acting,1,21.0,3,7.0,-0.7853,0.0,9,0,8
34,5,408,Danielle Fishel,Pasha Pashkov,Acting,1,29.0,4,7.25,-0.6296,0.25,8,0,8
34,6,408,Danielle Fishel,Pasha Pashkov,Acting,1,36.0,4,9.0,0.4804,1.75,3,0,8
34,7,408,Danielle Fishel,Pasha Pashkov,Acting,1,35.0,4,8.75,-0.3972,-0.25,6,0,8
34,8,408,Danielle Fishel,Pasha Pashkov,Acting,1,37.0,4,9.25,-0.407,0.5,7,1,8
34,1,409,Elaine Hendrix,Alan Bersten (Rashad Jennings week 9),Acting,1,12.0,2,6.0,0.1366,0.0,6,0,5
34,2,409,Elaine Hendrix,Alan Bersten (Rashad Jennings week 9),Acting,1,21.0,3,7.0,0.4935,1.0,5,0,5
34,3,409,Elaine Hendrix,Alan Bersten (Rashad Jennings week 9),Acting,1,21.0,3,7.0,-0.1976,0.0,8,0,5
34,4,409,Elaine Hendrix,Alan Bersten (Rashad Jennings week 9),Acting,1,24.0,3,8.0,0.7391,1.0,2,0,5
34,5,409,Elaine Hendrix,Alan Bersten (Rashad Jennings week 9),Acting,1,30.0,4,7.5,-0.3559,-0.5,6,0,5
34,6,409,Elaine Hendrix,Alan Bersten (Rashad Jennings week 9),Acting,1,36.0,4,9.0,0.4804,1.5,3,0,5
34,7,409,Elaine Hendrix,Alan Bersten (Rashad Jennings week 9),Acting,1,32.0,4,8.0,-1.0281,-1.0,8,0,5
34,8,409,Elaine Hendrix,Alan Bersten (Rashad Jennings week 9),Acting,1,37.5,4,9.375,-0.111,1.38,6,0,5
34,9,409,Elaine Hendrix,Alan Bersten (Rashad Jennings week 9),Acting,1,36.0,4,9.0,-0.5407,-0.38,6,0,5
34,10,409,Elaine Hendrix,Alan Bersten (Rashad Jennings week 9),Acting,1,28.5,3,9.5,-0.244,0.5,4,0,5
34,11,409,Elaine Hendrix,Alan Bersten (Rashad Jennings week 9),Acting,1,28.9998,3,9.6666,-1.4033,0.17,5,0,5
34,1,410,Baron Davis,Britt Stewart,Sports,1,10.0,2,5.0,-0.8197,0.0,9,0,13
34,2,410,Baron Davis,Britt Stewart,Sports,1,18.0,3,6.0,-0.802,1.0,11,1,13
34,1,411,Jordan Chiles,Ezra Sosa (Apolo Anton Ohno week 9),Sports,1,10.0,2,5.0,-0.8197,0.0,9,0,3
34,2,411,Jordan Chiles,Ezra Sosa (Apolo Anton Ohno week 9),Sports,1,22.0,3,7.333333333333333,0.9253,2.33,1,0,3
34,3,411,Jordan Chiles,Ezra Sosa (Apolo Anton Ohno week 9),Sports,1,24.0,3,8.0,1.225,0.67,1,0,3
34,4,411,Jordan Chiles,Ezra Sosa (Apolo Anton Ohno week 9),Sports,1,24.0,3,8.0,0.7391,0.0,2,0,3
34,5,411,Jordan Chiles,Ezra Sosa (Apolo Anton Ohno week 9),Sports,1,32.0,4,8.0,0.1916,0.0,5,0,3
34,6,411,Jordan Chiles,Ezra Sosa (Apolo Anton Ohno week 9),Sports,1,39.0,4,9.75,1.201,1.75,1,0,3
34,7,411,Jordan Chiles,Ezra Sosa (Apolo Anton Ohno week 9),Sports,1,38.0,4,9.5,0.2337,-0.25,4,0,3
34,8,411,Jordan Chiles,Ezra Sosa (Apolo Anton Ohno week 9),Sports,1,39.0,4,9.75,0.7771,0.25,2,0,3
34,9,411,Jordan Chiles,Ezra Sosa (Apolo Anton Ohno week 9),Sports,1,39.0,4,9.75,0.0901,0.0,5,0,3
34,10,411,Jordan Chiles,Ezra Sosa (Apolo Anton Ohno week 9),Sports,1,28.5,3,9.5,-0.244,-0.25,4,0,3
34,11,411,Jordan Chiles,Ezra Sosa (Apolo Anton Ohno week 9),Sports,1,29.666600000000003,3,9.888866666666667,0.3508,0.39,2,0,3
34,1,412,Andy Richter,Emma Slater/Kaitlyn Bristowe (week 9),Comedy,1,9.0,2,4.5,-1.2979,0.0,13,0,7
34,2,412,Andy Richter,Emma Slater/Kaitlyn Bristowe (week 9),Comedy,1,16.0,3,5.333333333333333,-1.6656,0.83,13,0,7
34,3,412,Andy Richter,Emma Slater/Kaitlyn Bristowe (week 9),Comedy,1,18.0,3,6.0,-1.6202,0.67,11,0,7
34,4,412,Andy Richter,Emma Slater/Kaitlyn Bristowe (week 9),Comedy,1,18.0,3,6.0,-2.3098,0.0,11,0,7
34,5,412,Andy Richter,Emma Slater/Kaitlyn Bristowe (week 9),Comedy,1,24.0,4,6.0,-1.9984,0.0,10,0,7
34,6,412,Andy Richter,Emma Slater/Kaitlyn Bristowe (week 9),Comedy,1,27.0,4,6.75,-1.6813,0.75,10,0,7
34,7,412,Andy Richter,Emma Slater/Kaitlyn Bristowe (week 9),Comedy,1,29.0,4,7.25,-1.659,0.5,9,0,7
34,8,412,Andy Richter,Emma Slater/Kaitlyn Bristowe (week 9),Comedy,1,34.0,4,8.5,-2.1833,1.25,8,0,7
34,9,412,Andy Richter,Emma Slater/Kaitlyn Bristowe (week 9),Comedy,1,29.0,4,7.25,-2.0125,-1.25,7,1,7
34,1,413,Robert Irwin,Witney Carson (Xoshitl Gomez week 9),Other,0,15.0,2,7.5,1.5711,0.0,1,0,1
34,2,413,Robert Irwin,Witney Carson (Xoshitl Gomez week 9),Other,0,22.0,3,7.333333333333333,0.9253,-0.17,1,0,1
34,3,413,Robert Irwin,Witney Carson (Xoshitl Gomez week 9),Other,0,22.0,3,7.333333333333333,0.2766,0.0,5,0,1
34,4,413,Robert Irwin,Witney Carson (Xoshitl Gomez week 9),Other,0,22.0,3,7.333333333333333,-0.2772,0.0,8,0,1
34,5,413,Robert Irwin,Witney Carson (Xoshitl Gomez week 9),Other,0,35.0,4,8.75,1.0129,1.42,2,0,1
34,6,413,Robert Irwin,Witney Carson (Xoshitl Gomez week 9),Other,0,36.0,4,9.0,0.4804,0.25,3,0,1
34,7,413,Robert Irwin,Witney Carson (Xoshitl Gomez week 9),Other,0,41.0,4,10.25,0.8646,1.25,3,0,1
34,8,413,Robert Irwin,Witney Carson (Xoshitl Gomez week 9),Other,0,38.0,4,9.5,0.185,-0.75,4,0,1
34,9,413,Robert Irwin,Witney Carson (Xoshitl Gomez week 9),Other,0,42.0,4,10.5,0.7209,1.0,1,0,1
34,10,413,Robert Irwin,Witney Carson (Xoshitl Gomez week 9),Other,0,29.5,3,9.833333333333334,1.2199,-0.67,1,0,1
34,11,413,Robert Irwin,Witney Carson (Xoshitl Gomez week 9),Other,0,29.666600000000003,3,9.888866666666667,0.3508,0.06,2,0,1
34,1,414,Hilaria Baldwin,Gleb Savchenko,Other,1,14.0,2,7.0,1.093,0.0,3,0,11
34,2,414,Hilaria Baldwin,Gleb Savchenko,Other,1,21.0,3,7.0,0.4935,0.0,5,0,11
34,3,414,Hilaria Baldwin,Gleb Savchenko,Other,1,22.0,3,7.333333333333333,0.2766,0.33,5,0,11
34,4,414,Hilaria Baldwin,Gleb Savchenko,Other,1,23.0,3,7.666666666666667,0.231,0.33,5,1,11
34,1,415,Lauren Jauregui,Brandon Armstrong,Music,1,13.0,2,6.5,0.6148,0.0,4,0,12
34,2,415,Lauren Jauregui,Brandon Armstrong,Music,1,21.0,3,7.0,0.4935,0.5,5,0,12
34,3,415,Lauren Jauregui,Brandon Armstrong,Music,1,18.0,3,6.0,-1.6202,-1.0,11,1,12
34,1,416,Scott Hoying,Rylee Arnold,Music,1,10.0,2,5.0,-0.8197,0.0,9,0,10
34,2,416,Scott Hoying,Rylee Arnold,Music,1,18.0,3,6.0,-0.802,1.0,11,0,10
34,3,416,Scott Hoying,Rylee Arnold,Music,1,22.0,3,7.333333333333333,0.2766,1.33,5,0,10
34,4,416,Scott Hoying,Rylee Arnold,Music,1,21.0,3,7.0,-0.7853,-0.33,9,0,10
34,5,416,Scott Hoying,Rylee Arnold,Music,1,30.0,4,7.5,-0.3559,0.5,6,0,10
34,6,416,Scott Hoying,Rylee Arnold,Music,1,28.0,4,7.0,-1.4412,-0.5,9,1,10
34,1,417,Alix Earle,Val Chmerkovskiy (Joey Graziadei week 9),Media/TV,1,13.0,2,6.5,0.6148,0.0,4,0,2
34,2,417,Alix Earle,Val Chmerkovskiy (Joey Graziadei week 9),Media/TV,1,21.0,3,7.0,0.4935,0.5,5,0,2
34,3,417,Alix Earle,Val Chmerkovskiy (Joey Graziadei week 9),Media/TV,1,23.0,3,7.666666666666667,0.7508,0.67,3,0,2
34,4,417,Alix Earle,Val Chmerkovskiy (Joey Graziadei week 9),Media/TV,1,24.0,3,8.0,0.7391,0.33,2,0,2
34,5,417,Alix Earle,Val Chmerkovskiy (Joey Graziadei week 9),Media/TV,1,35.0,4,8.75,1.0129,0.75,2,0,2
34,6,417,Alix Earle,Val Chmerkovskiy (Joey Graziadei week 9),Media/TV,1,35.0,4,8.75,0.2402,0.0,6,0,2
34,7,417,Alix Earle,Val Chmerkovskiy (Joey Graziadei week 9),Media/TV,1,43.0,4,10.75,1.2852,2.0,1,0,2
34,8,417,Alix Earle,Val Chmerkovskiy (Joey Graziadei week 9),Media/TV,1,38.5,4,9.625,0.4811,-1.12,3,0,2
34,9,417,Alix Earle,Val Chmerkovskiy (Joey Graziadei week 9),Media/TV,1,40.0,4,10.0,0.3004,0.38,4,0,2
34,10,417,Alix Earle,Val Chmerkovskiy (Joey Graziadei week 9),Media/TV,1,29.0,3,9.666666666666666,0.488,-0.33,2,0,2
34,11,417,Alix Earle,Val Chmerkovskiy (Joey Graziadei week 9),Media/TV,1,30.0,3,10.0,1.2279,0.33,1,0,2
34,1,418,Jen Affleck,Jan Ravnik,Media/TV,1,12.0,2,6.0,0.1366,0.0,6,0,9
34,2,418,Jen Affleck,Jan Ravnik,Media/TV,1,22.0,3,7.333333333333333,0.9253,1.33,1,0,9
34,3,418,Jen Affleck,Jan Ravnik,Media/TV,1,19.0,3,6.333333333333333,-1.146,-1.0,10,0,9
34,4,418,Jen Affleck,Jan Ravnik,Media/TV,1,23.0,3,7.666666666666667,0.231,1.33,5,0,9
34,5,418,Jen Affleck,Jan Ravnik,Media/TV,1,29.0,4,7.25,-0.6296,-0.42,8,0,9
34,6,418,Jen Affleck,Jan Ravnik,Media/TV,1,32.0,4,8.0,-0.4804,0.75,7,0,9
34,7,418,Jen Affleck,Jan Ravnik,Media/TV,1,34.0,4,8.5,-0.6075,0.5,7,1,9
34,1,419,Whitney Leavitt,Mark Ballas,Media/TV,1,15.0,2,7.5,1.5711,0.0,1,0,6
34,2,419,Whitney Leavitt,Mark Ballas,Media/TV,1,22.0,3,7.333333333333333,0.9253,-0.17,1,0,6
34,3,419,Whitney Leavitt,Mark Ballas,Media/TV,1,24.0,3,8.0,1.225,0.67,1,0,6
34,4,419,Whitney Leavitt,Mark Ballas,Media/TV,1,25.0,3,8.333333333333334,1.2473,0.33,1,0,6
34,5,419,Whitney Leavitt,Mark Ballas,Media/TV,1,33.0,4,8.25,0.4654,-0.08,4,0,6
34,6,419,Whitney Leavitt,Mark Ballas,Media/TV,1,39.0,4,9.75,1.201,1.5,1,0,6
34,7,419,Whitney Leavitt,Mark Ballas,Media/TV,1,42.0,4,10.5,1.0749,0.75,2,0,6
34,8,419,Whitney Leavitt,Mark Ballas,Media/TV,1,39.5,4,9.875,1.0731,-0.62,1,0,6
34,9,419,Whitney Leavitt,Mark Ballas,Media/TV,1,42.0,4,10.5,0.7209,0.62,1,0,6
34,10,419,Whitney Leavitt,Mark Ballas,Media/TV,1,29.0,3,9.666666666666666,0.488,-0.83,2,1,6
34,1,420,Dylan Efron,Daniella Karagach (Rumer Willis week 9),Media/TV,1,10.0,2,5.0,-0.8197,0.0,9,0,4
34,2,420,Dylan Efron,Daniella Karagach (Rumer Willis week 9),Media/TV,1,20.0,3,6.666666666666667,0.0617,1.67,9,0,4
34,3,420,Dylan Efron,Daniella Karagach (Rumer Willis week 9),Media/TV,1,23.0,3,7.666666666666667,0.7508,1.0,3,0,4
34,4,420,Dylan Efron,Daniella Karagach (Rumer Willis week 9),Media/TV,1,23.0,3,7.666666666666667,0.231,0.0,5,0,4
34,5,420,Dylan Efron,Daniella Karagach (Rumer Willis week 9),Media/TV,1,36.0,4,9.0,1.2866,1.33,1,0,4
34,6,420,Dylan Efron,Daniella Karagach (Rumer Willis week 9),Media/TV,1,32.0,4,8.0,-0.4804,-1.0,7,0,4
34,7,420,Dylan Efron,Daniella Karagach (Rumer Willis week 9),Media/TV,1,38.0,4,9.5,0.2337,1.5,4,0,4
34,8,420,Dylan Efron,Daniella Karagach (Rumer Willis week 9),Media/TV,1,38.0,4,9.5,0.185,0.0,4,0,4
34,9,420,Dylan Efron,Daniella Karagach (Rumer Willis week 9),Media/TV,1,42.0,4,10.5,0.7209,1.0,1,0,4
34,10,420,Dylan Efron,Daniella Karagach (Rumer Willis week 9),Media/TV,1,27.5,3,9.166666666666666,-1.7078,-1.33,6,0,4
34,11,420,Dylan Efron,Daniella Karagach (Rumer Willis week 9),Media/TV,1,29.3332,3,9.777733333333334,-0.5262,0.61,4,0,4
